15,1,26,40.63428496,-8.66010664,2,0,0,0,0,1
15,1,26,40.63428880,-8.66010572,2,0,0,0,0,1
15,1,26,40.63428880,-8.66010572,2,0,0,0,0,1
15,1,27,40.63429260,-8.66010572,2,0,0,0,0,1
15,1,27,40.63430024,-8.66010572,2,0,0,0,0,1
15,1,27,40.63430404,-8.66010572,2,0,0,0,0,1
15,1,28,40.63430404,-8.66010572,2,0,0,0,0,1
15,1,28,40.63431168,-8.66010664,2,0,0,0,0,1
15,1,28,40.63431168,-8.66010664,2,0,0,0,0,1
15,1,28,40.63431168,-8.66010664,2,0,0,0,0,1
15,1,29,40.63431168,-8.66010664,2,0,0,0,0,1
15,1,29,40.63431932,-8.66010664,2,0,0,0,0,1
15,1,29,40.63431932,-8.66010664,2,0,0,0,0,1
15,1,30,40.63431932,-8.66010664,2,0,0,0,0,1
15,1,30,40.63432312,-8.66010664,2,0,0,0,0,1
15,1,31,40.63432312,-8.66010664,2,0,0,0,0,1
15,1,31,40.63432312,-8.66010760,2,0,0,0,0,1
15,1,31,40.63432312,-8.66010760,2,0,0,0,0,1
15,1,31,40.63432312,-8.66010760,2,0,0,0,0,1
15,1,32,40.63432312,-8.66010760,2,0,0,0,0,1
15,1,32,40.63432312,-8.66010952,2,0,0,0,0,1
15,1,32,40.63432312,-8.66010952,2,0,0,0,0,1
15,1,33,40.63432312,-8.66011048,2,0,0,0,0,1
15,1,33,40.63432692,-8.66011048,2,0,0,0,0,1
15,1,33,40.63422776,-8.66019536,5,29,0,0,0,1
15,1,34,40.63423156,-8.66019536,5,29,0,0,0,1
15,1,34,40.63423156,-8.66019536,5,10,0,0,0,1
15,1,34,40.63423156,-8.66019344,5,11,0,0,0,1
15,1,35,40.63423156,-8.66019344,5,11,0,0,0,1
15,1,35,40.63423156,-8.66019344,5,10,0,0,0,1
15,1,35,40.63423156,-8.66019536,5,14,0,0,0,1
15,1,36,40.63423540,-8.66019536,5,14,0,0,0,1
15,1,36,40.63423540,-8.66019536,5,10,0,0,0,1
15,1,36,40.63423540,-8.66019536,5,13,0,0,0,1
15,1,37,40.63423540,-8.66019536,5,13,0,0,0,1
15,1,37,40.63423540,-8.66019536,5,13,0,0,0,1
15,1,37,40.63424300,-8.66019632,5,12,0,0,0,1
15,1,38,40.63424300,-8.66019632,5,11,0,0,0,1
15,1,38,40.63424300,-8.66019632,5,11,0,0,0,1
15,1,38,40.63424300,-8.66019632,5,10,0,0,0,1
15,1,39,40.63424300,-8.66019632,5,10,0,0,0,1
15,1,39,40.63424300,-8.66019632,5,10,0,0,0,1
15,1,39,40.63424300,-8.66019632,5,10,0,0,0,1
15,1,40,40.63424300,-8.66019536,5,10,0,0,0,1
15,1,40,40.63424300,-8.66019536,5,10,0,0,0,1
15,1,40,40.63424300,-8.66019536,5,10,0,0,0,1
15,1,41,40.63424300,-8.66019536,5,10,0,0,0,1
15,1,41,40.63424300,-8.66019536,5,10,0,0,0,1
15,1,41,40.63424300,-8.66019344,5,13,0,0,0,1
15,1,42,40.63425064,-8.66019344,5,13,0,0,0,1
15,1,42,40.63425064,-8.66019344,5,14,0,0,0,1
15,1,42,40.63425064,-8.66019248,5,14,0,0,0,1
15,1,43,40.63425444,-8.66019060,5,14,0,0,0,1
15,1,43,40.63425444,-8.66019060,5,12,0,0,0,1
15,1,43,40.63425444,-8.66019060,5,12,0,0,0,1
15,1,44,40.63425444,-8.66018964,5,13,0,0,0,1
15,1,44,40.63425444,-8.66018964,5,13,0,0,0,1
15,1,44,40.63425828,-8.66018964,5,13,0,0,0,1
15,1,45,40.63425828,-8.66018868,5,13,0,0,0,1
15,1,45,40.63425828,-8.66018868,5,13,0,0,0,1
15,1,45,40.63426588,-8.66018676,5,13,0,0,0,1
15,1,46,40.63426588,-8.66018580,5,13,0,0,0,1
15,1,46,40.63426588,-8.66018580,5,15,0,0,0,1
15,1,46,40.63426588,-8.66018580,5,12,0,0,0,1
15,1,47,40.63426588,-8.66018488,5,12,0,0,0,1
15,1,47,40.63426588,-8.66018488,5,10,0,0,0,1
15,1,47,40.63426588,-8.66018488,5,10,0,0,0,1
15,1,48,40.63426588,-8.66018488,5,10,0,0,0,1
15,1,48,40.63426588,-8.66018488,5,10,0,0,0,1
15,1,48,40.63426588,-8.66018392,5,18,0,0,0,1
15,1,49,40.63426588,-8.66018392,5,18,0,0,0,1
15,1,49,40.63426588,-8.66018392,5,18,0,0,0,1
15,1,49,40.63426588,-8.66018392,5,18,0,0,0,1
15,1,50,40.63426972,-8.66018392,5,18,0,0,0,1
15,1,50,40.63426972,-8.66018392,5,19,0,0,0,1
15,1,50,40.63426972,-8.66018200,5,19,0,0,0,1
15,1,51,40.63426972,-8.66018200,5,19,0,0,0,1
15,1,51,40.63426972,-8.66018200,5,19,0,0,0,1
15,1,51,40.63426972,-8.66018104,5,19,0,0,0,1
15,1,52,40.63426972,-8.66018104,5,20,0,0,0,1
15,1,52,40.63426972,-8.66018104,5,19,0,0,0,1
15,1,52,40.63426972,-8.66018008,5,19,0,0,0,1
15,1,53,40.63426972,-8.66018008,5,19,0,0,0,1
15,1,53,40.63426972,-8.66018008,5,19,0,0,0,1
15,1,53,40.63426972,-8.66018008,5,19,0,0,0,1
15,1,54,40.63426972,-8.66017724,5,18,0,0,0,1
15,1,54,40.63426972,-8.66017724,5,18,0,0,0,1
15,1,54,40.63426972,-8.66017724,5,18,0,0,0,1
15,1,55,40.63426972,-8.66017724,5,18,0,0,0,1
15,1,55,40.63426972,-8.66017724,5,18,0,0,0,1
15,1,55,40.63426972,-8.66017724,5,18,0,0,0,1
15,1,56,40.63426972,-8.66017724,5,18,0,0,0,1
15,1,56,40.63426972,-8.66017724,5,18,0,0,0,1
15,1,56,40.63426972,-8.66017724,5,18,0,0,0,1
15,1,57,40.63426972,-8.66017724,5,18,0,0,0,1
15,1,57,40.63426972,-8.66017724,5,18,0,0,0,1
15,1,57,40.63426972,-8.66017724,5,17,0,0,0,1
15,1,58,40.63426972,-8.66017628,5,17,0,0,0,1
15,1,58,40.63426972,-8.66017628,5,17,0,0,0,1
15,1,58,40.63426972,-8.66017628,5,17,0,0,0,1
15,1,59,40.63426972,-8.66017628,5,16,0,0,0,1
15,1,59,40.63426972,-8.66017628,5,16,0,0,0,1
15,1,59,40.63426972,-8.66017628,5,16,0,0,0,1
15,2,0,40.63426972,-8.66017628,5,16,0,0,0,1
15,2,0,40.63426972,-8.66017628,5,15,0,0,0,1
15,2,0,40.63426972,-8.66017628,5,15,0,0,0,1
15,2,1,40.63426972,-8.66017628,5,15,0,0,0,1
15,2,1,40.63426972,-8.66017628,5,15,0,0,0,1
15,2,1,40.63426972,-8.66017628,5,15,0,0,0,1
15,2,2,40.63426588,-8.66017628,5,15,0,0,0,1
15,2,2,40.63426588,-8.66017628,5,15,0,0,0,1
15,2,2,40.63426588,-8.66017724,5,15,0,0,0,1
15,2,3,40.63426588,-8.66017724,5,15,0,0,0,1
15,2,3,40.63426588,-8.66017724,5,14,0,0,0,1
15,2,3,40.63426588,-8.66017724,5,14,0,0,0,1
15,2,4,40.63426588,-8.66017724,5,14,0,0,0,1
15,2,4,40.63426588,-8.66017724,5,15,0,0,0,1
15,2,4,40.63426588,-8.66017724,5,14,0,0,0,1
15,2,5,40.63426588,-8.66017724,5,14,0,0,0,1
15,2,5,40.63426588,-8.66017724,5,14,0,0,0,1
15,2,5,40.63426588,-8.66017724,5,14,0,0,0,1
15,2,6,40.63426588,-8.66017724,5,14,0,0,0,1
15,2,6,40.63426588,-8.66017724,5,14,0,0,0,1
15,2,6,40.63426588,-8.66018008,5,14,0,0,0,1
15,2,7,40.63426588,-8.66018008,5,14,0,0,0,1
15,2,7,40.63426588,-8.66018008,5,14,0,0,0,1
15,2,7,40.63426588,-8.66018008,5,13,0,0,0,1
15,2,8,40.63426588,-8.66018008,5,13,0,0,0,1
15,2,8,40.63426588,-8.66018008,5,13,0,0,0,1
15,2,8,40.63426588,-8.66018008,5,13,0,0,0,1
15,2,9,40.63426588,-8.66018008,5,13,0,0,0,1
15,2,9,40.63426588,-8.66018008,5,13,0,0,0,1
15,2,9,40.63426588,-8.66018008,5,13,0,0,0,1
15,2,10,40.63426588,-8.66018008,5,13,0,0,0,1
15,2,10,40.63426588,-8.66018008,5,13,0,0,0,1
15,2,10,40.63426588,-8.66018008,5,13,0,0,0,1
15,2,11,40.63426588,-8.66018008,5,13,0,0,0,1
15,2,11,40.63426588,-8.66018008,5,13,0,0,0,1
15,2,11,40.63426588,-8.66018008,5,12,0,0,0,1
15,2,12,40.63426588,-8.66018008,5,12,0,0,0,1
15,2,12,40.63426588,-8.66018008,5,12,0,0,0,1
15,2,12,40.63426588,-8.66018008,5,12,0,0,0,1
15,2,13,40.63426588,-8.66018008,5,12,0,0,0,1
15,2,13,40.63426588,-8.66018008,5,12,0,0,0,1
15,2,13,40.63426588,-8.66018008,5,12,0,0,0,1
15,2,14,40.63426588,-8.66018008,5,12,0,0,0,1
15,2,14,40.63426588,-8.66018008,5,13,0,0,0,1
15,2,14,40.63426588,-8.66018104,5,13,0,0,0,1
15,2,15,40.63426588,-8.66018104,5,13,0,0,0,1
15,2,15,40.63426588,-8.66018104,5,13,0,0,0,1
15,2,15,40.63426588,-8.66018104,5,13,0,0,0,1
15,2,16,40.63426588,-8.66018104,5,13,0,0,0,1
15,2,16,40.63426588,-8.66018104,5,13,0,0,0,1
15,2,16,40.63426588,-8.66018200,5,13,0,0,0,1
15,2,17,40.63426588,-8.66018200,5,13,0,0,0,1
15,2,17,40.63426588,-8.66018200,5,14,0,0,0,1
15,2,17,40.63426588,-8.66018200,5,14,0,0,0,1
15,2,18,40.63426588,-8.66018392,5,14,0,0,0,1
15,2,18,40.63426588,-8.66018392,5,14,0,0,0,1
15,2,18,40.63426588,-8.66018392,5,14,0,0,0,1
15,2,19,40.63426588,-8.66018392,5,15,0,0,0,1
15,2,19,40.63426588,-8.66018392,5,15,0,0,0,1
15,2,19,40.63426588,-8.66018392,5,15,0,0,0,1
15,2,20,40.63426588,-8.66018488,5,15,0,0,0,1
15,2,20,40.63426588,-8.66018488,5,16,0,0,0,1
15,2,20,40.63426588,-8.66018488,5,16,0,0,0,1
15,2,21,40.63426588,-8.66018488,5,16,0,0,0,1
15,2,21,40.63426588,-8.66018488,5,16,0,0,0,1
15,2,21,40.63426588,-8.66018580,5,16,0,0,0,1
15,2,22,40.63426588,-8.66018580,5,16,0,0,0,1
15,2,22,40.63426588,-8.66018580,5,17,0,0,0,1
15,2,22,40.63426588,-8.66018676,5,17,0,0,0,1
15,2,23,40.63426588,-8.66018676,5,17,0,0,0,1
15,2,23,40.63426588,-8.66018676,5,17,0,0,0,1
15,2,23,40.63426588,-8.66018676,5,17,0,0,0,1
15,2,24,40.63426588,-8.66018868,5,17,0,0,0,1
15,2,24,40.63426588,-8.66018868,5,17,0,0,0,1
15,2,24,40.63426588,-8.66018868,5,17,0,0,0,1
15,2,25,40.63426588,-8.66018868,5,16,0,0,0,1
15,2,25,40.63426588,-8.66018868,5,16,0,0,0,1
15,2,25,40.63426588,-8.66018868,5,16,0,0,0,1
15,2,26,40.63426588,-8.66018964,5,16,0,0,0,1
15,2,26,40.63426588,-8.66018964,5,16,0,0,0,1
15,2,26,40.63426588,-8.66018964,5,16,0,0,0,1
15,2,27,40.63426588,-8.66018868,5,16,0,0,0,1
15,2,27,40.63426588,-8.66018868,5,16,0,0,0,1
15,2,27,40.63426588,-8.66018868,5,16,0,0,0,1
15,2,28,40.63426588,-8.66018868,5,16,0,0,0,1
15,2,28,40.63426588,-8.66018868,5,16,0,0,0,1
15,2,28,40.63426588,-8.66018868,5,16,0,0,0,1
15,2,29,40.63426588,-8.66018868,5,16,0,0,0,1
15,2,29,40.63426588,-8.66018868,5,16,0,0,0,1
15,2,29,40.63426588,-8.66018868,5,16,0,0,0,1
15,2,30,40.63426588,-8.66018868,5,16,0,0,0,1
15,2,30,40.63426588,-8.66018868,5,16,0,0,0,1
15,2,30,40.63426588,-8.66018868,5,16,0,0,0,1
15,2,31,40.63426588,-8.66018676,5,16,0,0,0,1
15,2,31,40.63426588,-8.66018676,5,16,0,0,0,1
15,2,31,40.63426588,-8.66018676,5,16,0,0,0,1
15,2,32,40.63426588,-8.66018676,5,16,0,0,0,1
15,2,32,40.63426588,-8.66018676,5,16,0,0,0,1
15,2,32,40.63426588,-8.66018676,5,16,0,0,0,1
15,2,33,40.63426588,-8.66018676,5,17,0,0,0,1
15,2,33,40.63426588,-8.66018676,5,17,0,0,0,1
15,2,33,40.63426588,-8.66018676,5,17,0,0,0,1
15,2,34,40.63426588,-8.66018580,5,17,0,0,0,1
15,2,34,40.63426588,-8.66018580,5,17,0,0,0,1
15,2,34,40.63426588,-8.66018580,5,17,0,0,0,1
15,2,35,40.63426588,-8.66018580,5,17,0,0,0,1
15,2,35,40.63426588,-8.66018580,5,17,0,0,0,1
15,2,35,40.63426588,-8.66018580,5,17,0,0,0,1
15,2,36,40.63426588,-8.66018580,5,17,0,0,0,1
15,2,36,40.63426588,-8.66018580,5,17,0,0,0,1
15,2,36,40.63426588,-8.66018580,5,18,0,0,0,1
15,2,37,40.63426588,-8.66018488,5,18,0,0,0,1
15,2,37,40.63426588,-8.66018488,5,18,0,0,0,1
15,2,37,40.63426588,-8.66018488,5,18,0,0,0,1
15,2,38,40.63426588,-8.66018488,5,18,0,0,0,1
15,2,38,40.63426588,-8.66018488,5,18,0,0,0,1
15,2,38,40.63426588,-8.66018488,5,18,0,0,0,1
15,2,39,40.63426588,-8.66018392,5,18,0,0,0,1
15,2,39,40.63426588,-8.66018392,5,18,0,0,0,1
15,2,39,40.63426588,-8.66018392,5,17,0,0,0,1
15,2,40,40.63426588,-8.66018392,5,17,0,0,0,1
15,2,40,40.63426588,-8.66018392,5,17,0,0,0,1
15,2,41,40.63426588,-8.66018392,5,17,0,0,0,1
15,2,41,40.63426588,-8.66018392,5,17,0,0,0,1
15,2,41,40.63426588,-8.66018392,5,17,0,0,0,1
15,2,42,40.63426588,-8.66018392,5,17,0,0,0,1
15,2,42,40.63426588,-8.66018392,5,17,0,0,0,1
15,2,42,40.63426588,-8.66018392,5,17,0,0,0,1
15,2,43,40.63426588,-8.66018392,5,16,0,0,0,1
15,2,43,40.63426588,-8.66018392,5,16,0,0,0,1
15,2,43,40.63426588,-8.66018392,5,16,0,0,0,1
15,2,44,40.63426588,-8.66018392,5,16,0,0,0,1
15,2,44,40.63426588,-8.66018392,5,16,0,0,0,1
15,2,44,40.63426588,-8.66018392,5,16,0,0,0,1
15,2,45,40.63426588,-8.66018200,5,16,0,0,0,1
15,2,45,40.63426588,-8.66018200,5,16,0,0,0,1
15,2,45,40.63426588,-8.66018200,5,16,0,0,0,1
15,2,46,40.63426588,-8.66018200,5,16,0,0,0,1
15,2,46,40.63426588,-8.66018200,5,16,0,0,0,1
15,2,46,40.63426588,-8.66018200,5,16,0,0,0,1
15,2,47,40.63426588,-8.66018200,5,16,0,0,0,1
15,2,47,40.63426588,-8.66018200,5,16,0,0,0,1
15,2,47,40.63426588,-8.66018200,5,16,0,0,0,1
15,2,48,40.63426588,-8.66018104,5,15,0,0,0,1
15,2,48,40.63426588,-8.66018200,5,15,0,0,0,1
15,2,48,40.63426588,-8.66018104,5,15,0,0,0,1
15,2,49,40.63426588,-8.66018104,5,15,0,0,0,1
15,2,49,40.63426588,-8.66018104,5,15,0,0,0,1
15,2,49,40.63426588,-8.66018104,5,15,0,0,0,1
15,2,50,40.63426588,-8.66018104,5,15,0,0,0,1
15,2,50,40.63426588,-8.66018104,5,15,0,0,0,1
15,2,50,40.63426588,-8.66018104,5,15,0,0,0,1
15,2,51,40.63426588,-8.66018104,5,15,0,0,0,1
15,2,51,40.63426588,-8.66018104,5,15,0,0,0,1
15,2,51,40.63426588,-8.66018008,5,15,0,0,0,1
15,2,52,40.63426588,-8.66018008,5,15,0,0,0,1
15,2,52,40.63426588,-8.66018008,5,15,0,0,0,1
15,2,52,40.63426588,-8.66018008,5,15,0,0,0,1
15,2,53,40.63426588,-8.66018008,5,15,0,0,0,1
15,2,53,40.63426588,-8.66018008,5,15,0,0,0,1
15,2,53,40.63426588,-8.66018008,5,15,0,0,0,1
15,2,54,40.63426588,-8.66018008,5,15,0,0,0,1
15,2,54,40.63426588,-8.66018008,5,15,0,0,0,1
15,2,54,40.63426588,-8.66018008,5,15,0,0,0,1
15,2,55,40.63426588,-8.66018008,5,15,0,0,0,1
15,2,55,40.63426588,-8.66018008,5,15,0,0,0,1
15,2,55,40.63426588,-8.66018008,5,15,0,0,0,1
15,2,56,40.63426588,-8.66018008,5,15,0,0,0,1
15,2,56,40.63426588,-8.66018008,5,15,0,0,0,1
15,2,56,40.63426588,-8.66018008,5,15,0,0,0,1
15,2,57,40.63426588,-8.66018008,5,15,0,0,0,1
15,2,57,40.63426588,-8.66018008,5,15,0,0,0,1
15,2,57,40.63426588,-8.66018008,5,15,0,0,0,1
15,2,58,40.63426588,-8.66017724,5,15,0,0,0,1
15,2,58,40.63426588,-8.66017724,5,15,0,0,0,1
15,2,58,40.63426588,-8.66017724,5,15,0,0,0,1
15,2,59,40.63426588,-8.66017724,5,15,0,0,0,1
15,2,59,40.63426588,-8.66017724,5,15,0,0,0,1
15,2,59,40.63426588,-8.66017724,5,15,0,0,0,1
15,3,0,40.63426588,-8.66017724,5,15,0,0,0,1
15,3,0,40.63426588,-8.66017724,5,15,0,0,0,1
15,3,0,40.63426588,-8.66017724,5,15,0,0,0,1
15,3,1,40.63426588,-8.66017724,5,15,0,0,0,1
15,3,1,40.63426588,-8.66017724,5,15,0,0,0,1
15,3,1,40.63426588,-8.66017724,5,15,0,0,0,1
15,3,2,40.63426588,-8.66017724,5,15,0,0,0,1
15,3,2,40.63426588,-8.66017724,5,15,0,0,0,1
15,3,2,40.63426588,-8.66017724,5,15,0,0,0,1
15,3,3,40.63426588,-8.66017724,5,15,0,0,0,1
15,3,3,40.63426588,-8.66017724,5,15,0,0,0,1
15,3,3,40.63426588,-8.66017724,5,15,0,0,0,1
15,3,4,40.63426588,-8.66017724,5,15,0,0,0,1
15,3,4,40.63426588,-8.66017724,5,15,0,0,0,1
15,3,4,40.63426588,-8.66017724,5,15,0,0,0,1
15,3,5,40.63426588,-8.66017724,5,15,0,0,0,1
15,3,5,40.63426588,-8.66017724,5,15,0,0,0,1
15,3,5,40.63426588,-8.66017724,5,15,0,0,0,1
15,3,6,40.63426588,-8.66017724,5,15,0,0,0,1
15,3,6,40.63426588,-8.66017724,5,15,0,0,0,1
15,3,6,40.63426588,-8.66017724,5,16,0,0,0,1
15,3,7,40.63426588,-8.66017724,5,16,0,0,0,1
15,3,7,40.63426588,-8.66017724,5,16,0,0,0,1
15,3,7,40.63426588,-8.66017724,5,16,0,0,0,1
15,3,8,40.63426588,-8.66017724,5,16,0,0,0,1
15,3,8,40.63426588,-8.66017724,5,16,0,0,0,1
15,3,8,40.63426588,-8.66017724,5,16,0,0,0,1
15,3,9,40.63426588,-8.66017724,5,16,0,0,0,1
15,3,9,40.63426588,-8.66017724,5,16,0,0,0,1
15,3,9,40.63426588,-8.66017724,5,16,0,0,0,1
15,3,10,40.63426588,-8.66017724,5,16,0,0,0,1
15,3,10,40.63426588,-8.66017724,5,16,0,0,0,1
15,3,10,40.63426588,-8.66017628,5,16,0,0,0,1
15,3,11,40.63426588,-8.66017628,5,16,0,0,0,1
15,3,11,40.63426588,-8.66017628,5,16,0,0,0,1
15,3,11,40.63426588,-8.66017628,5,16,0,0,0,1
15,3,12,40.63426588,-8.66017628,5,16,0,0,0,1
15,3,12,40.63426588,-8.66017628,5,16,0,0,0,1
15,3,12,40.63426588,-8.66017628,5,16,0,0,0,1
15,3,13,40.63426588,-8.66017628,5,16,0,0,0,1
15,3,13,40.63426588,-8.66017628,5,16,0,0,0,1
15,3,13,40.63426588,-8.66017628,5,17,0,0,0,1
15,3,14,40.63426588,-8.66017628,5,17,0,0,0,1
15,3,14,40.63426588,-8.66017628,5,17,0,0,0,1
15,3,14,40.63426588,-8.66017628,5,17,0,0,0,1
15,3,15,40.63426588,-8.66017628,5,17,0,0,0,1
15,3,15,40.63426588,-8.66017628,5,17,0,0,0,1
15,3,15,40.63426588,-8.66017628,5,17,0,0,0,1
15,3,16,40.63426588,-8.66017628,5,17,0,0,0,1
15,3,16,40.63426588,-8.66017628,5,17,0,0,0,1
15,3,16,40.63426588,-8.66017628,5,17,0,0,0,1
15,3,17,40.63426588,-8.66017628,5,17,0,0,0,1
15,3,17,40.63426588,-8.66017628,5,17,0,0,0,1
15,3,17,40.63426588,-8.66017628,5,17,0,0,0,1
15,3,18,40.63426588,-8.66017628,5,17,0,0,0,1
15,3,18,40.63426588,-8.66017628,5,18,0,0,0,1
15,3,18,40.63426588,-8.66017628,5,18,0,0,0,1
15,3,19,40.63426588,-8.66017628,5,18,0,0,0,1
15,3,19,40.63426588,-8.66017628,5,18,0,0,0,1
15,3,19,40.63426588,-8.66017628,5,18,0,0,0,1
15,3,20,40.63426588,-8.66017628,5,18,0,0,0,1
15,3,20,40.63426588,-8.66017628,5,18,0,0,0,1
15,3,20,40.63426588,-8.66017628,5,18,0,0,0,1
15,3,21,40.63426588,-8.66017628,5,18,0,0,0,1
15,3,21,40.63426588,-8.66017628,5,18,0,0,0,1
15,3,21,40.63426588,-8.66017628,5,18,0,0,0,1
15,3,22,40.63426588,-8.66017628,5,18,0,0,0,1
15,3,22,40.63426588,-8.66017628,5,18,0,0,0,1
15,3,22,40.63426588,-8.66017628,5,19,0,0,0,1
15,3,23,40.63426588,-8.66017628,5,19,0,0,0,1
15,3,23,40.63426588,-8.66017628,5,19,0,0,0,1
15,3,23,40.63426588,-8.66017628,5,19,0,0,0,1
15,3,24,40.63426588,-8.66017532,5,19,0,0,0,1
15,3,24,40.63426588,-8.66017532,5,19,0,0,0,1
15,3,24,40.63426588,-8.66017532,5,19,0,0,0,1
15,3,25,40.63426588,-8.66017532,5,19,0,0,0,1
15,3,25,40.63426588,-8.66017532,5,19,0,0,0,1
15,3,25,40.63426588,-8.66017628,5,19,0,0,0,1
15,3,26,40.63426588,-8.66017628,5,19,0,0,0,1
15,3,26,40.63426588,-8.66017628,5,19,0,0,0,1
15,3,26,40.63426588,-8.66017628,5,19,0,0,0,1
15,3,27,40.63426588,-8.66017628,5,19,0,0,0,1
15,3,27,40.63426588,-8.66017628,5,19,0,0,0,1
15,3,27,40.63426588,-8.66017628,5,20,0,0,0,1
15,3,28,40.63426588,-8.66017628,5,20,0,0,0,1
15,3,28,40.63426588,-8.66017628,5,20,0,0,0,1
15,3,28,40.63426588,-8.66017628,5,20,0,0,0,1
15,3,29,40.63426588,-8.66017628,5,20,0,0,0,1
15,3,29,40.63426588,-8.66017628,5,20,0,0,0,1
15,3,29,40.63426588,-8.66017628,5,20,0,0,0,1
15,3,30,40.63426588,-8.66017628,5,20,0,0,0,1
15,3,30,40.63426588,-8.66017628,5,21,0,0,0,1
15,3,30,40.63426588,-8.66017628,5,21,0,0,0,1
15,3,31,40.63426588,-8.66017628,5,21,0,0,0,1
15,3,31,40.63426588,-8.66017628,5,21,0,0,0,1
15,3,31,40.63426588,-8.66017628,5,21,0,0,0,1
15,3,32,40.63426588,-8.66017628,5,21,0,0,0,1
15,3,32,40.63426588,-8.66017628,5,21,0,0,0,1
15,3,32,40.63426588,-8.66017628,5,21,0,0,0,1
15,3,33,40.63426588,-8.66017628,5,22,0,0,0,1
15,3,33,40.63426588,-8.66017628,5,22,0,0,0,1
15,3,33,40.63426588,-8.66017628,5,22,0,0,0,1
15,3,34,40.63426588,-8.66017628,5,22,0,0,0,1
15,3,34,40.63426588,-8.66017628,5,22,0,0,0,1
15,3,34,40.63426588,-8.66017724,5,22,0,0,0,1
15,3,35,40.63426588,-8.66017724,5,22,0,0,0,1
15,3,35,40.63426588,-8.66017724,5,22,0,0,0,1
15,3,35,40.63426588,-8.66017724,5,22,0,0,0,1
15,3,36,40.63426588,-8.66017724,5,22,0,0,0,1
15,3,36,40.63426588,-8.66017724,5,22,0,0,0,1
15,3,36,40.63426588,-8.66017724,5,23,0,0,0,1
15,3,37,40.63426588,-8.66017724,5,23,0,0,0,1
15,3,37,40.63426588,-8.66017724,5,23,0,0,0,1
15,3,37,40.63426588,-8.66017724,5,23,0,0,0,1
15,3,38,40.63426588,-8.66017724,5,23,0,0,0,1
15,3,38,40.63426588,-8.66017724,5,23,0,0,0,1
15,3,38,40.63426588,-8.66017724,5,23,0,0,0,1
15,3,39,40.63426588,-8.66017724,5,23,0,0,0,1
15,3,39,40.63426588,-8.66017724,5,24,0,0,0,1
15,3,39,40.63426588,-8.66017724,5,24,0,0,0,1
15,3,40,40.63426588,-8.66017724,5,24,0,0,0,1
15,3,40,40.63426588,-8.66017724,5,24,0,0,0,1
15,3,40,40.63426588,-8.66017724,5,24,0,0,0,1
15,3,41,40.63426588,-8.66017724,5,24,0,0,0,1
15,3,41,40.63426588,-8.66017724,5,25,0,0,0,1
15,3,41,40.63426588,-8.66017724,5,25,0,0,0,1
15,3,42,40.63426588,-8.66017724,5,25,0,0,0,1
15,3,42,40.63426588,-8.66017724,5,25,0,0,0,1
15,3,42,40.63426588,-8.66018008,5,25,0,0,0,1
15,3,43,40.63426588,-8.66018008,5,26,0,0,0,1
15,3,43,40.63426588,-8.66018008,5,26,0,0,0,1
15,3,43,40.63426588,-8.66018008,5,26,0,0,0,1
15,3,44,40.63426588,-8.66018008,5,26,0,0,0,1
15,3,44,40.63426588,-8.66018008,5,26,0,0,0,1
15,3,44,40.63426588,-8.66018008,5,26,0,0,0,1
15,3,45,40.63426588,-8.66018008,5,26,0,0,0,1
15,3,45,40.63426588,-8.66018008,5,26,0,0,0,1
15,3,45,40.63426588,-8.66018104,5,27,0,0,0,1
15,3,46,40.63426588,-8.66018104,5,27,0,0,0,1
15,3,46,40.63426588,-8.66018104,5,27,0,0,0,1
15,3,46,40.63426588,-8.66018104,5,27,0,0,0,1
15,3,47,40.63426588,-8.66018104,5,27,0,0,0,1
15,3,47,40.63426588,-8.66018104,5,28,0,0,0,1
15,3,47,40.63426588,-8.66018104,5,28,0,0,0,1
15,3,48,40.63426588,-8.66018104,5,28,0,0,0,1
15,3,48,40.63426588,-8.66018104,5,28,0,0,0,1
15,3,48,40.63426588,-8.66018104,5,28,0,0,0,1
15,3,49,40.63426588,-8.66018104,5,28,0,0,0,1
15,3,49,40.63426588,-8.66018104,5,28,0,0,0,1
15,3,49,40.63426588,-8.66018104,5,28,0,0,0,1
15,3,50,40.63426588,-8.66018104,5,29,0,0,0,1
15,3,50,40.63426588,-8.66018104,5,29,0,0,0,1
15,3,50,40.63426588,-8.66018200,5,29,0,0,0,1
15,3,51,40.63426588,-8.66018200,5,29,0,0,0,1
15,3,51,40.63426588,-8.66018200,5,29,0,0,0,1
15,3,51,40.63426588,-8.66018200,5,29,0,0,0,1
15,3,52,40.63426588,-8.66018200,5,29,0,0,0,1
15,3,52,40.63426588,-8.66018200,5,29,0,0,0,1
15,3,52,40.63426588,-8.66018200,5,29,0,0,0,1
15,3,53,40.63426588,-8.66018200,5,29,0,0,0,1
15,3,53,40.63426588,-8.66018200,5,29,0,0,0,1
15,3,53,40.63426588,-8.66018200,5,28,0,0,0,1
15,3,54,40.63426588,-8.66018200,5,28,0,0,0,1
15,3,54,40.63426588,-8.66018200,5,28,0,0,0,1
15,3,54,40.63426588,-8.66018392,5,28,0,0,0,1
15,3,55,40.63426588,-8.66018392,5,28,0,0,0,1
15,3,55,40.63426588,-8.66018392,5,28,0,0,0,1
15,3,55,40.63426588,-8.66018392,5,28,0,0,0,1
15,3,56,40.63426588,-8.66018392,5,28,0,0,0,1
15,3,56,40.63426588,-8.66018392,5,28,0,0,0,1
15,3,56,40.63426588,-8.66018392,5,28,0,0,0,1
15,3,57,40.63426588,-8.66018392,5,28,0,0,0,1
15,3,57,40.63426588,-8.66018392,5,28,0,0,0,1
15,3,57,40.63426588,-8.66018392,5,28,0,0,0,1
15,3,58,40.63426588,-8.66018392,5,28,0,0,0,1
15,3,58,40.63426588,-8.66018392,5,28,0,0,0,1
15,3,58,40.63426588,-8.66018392,5,28,0,0,0,1
15,3,59,40.63426588,-8.66018392,5,28,0,0,0,1
15,3,59,40.63426588,-8.66018392,5,28,0,0,0,1
15,3,59,40.63426588,-8.66018392,5,28,0,0,0,1
15,4,0,40.63426588,-8.66018392,5,28,0,0,0,1
15,4,0,40.63426588,-8.66018392,5,28,0,0,0,1
15,4,0,40.63426588,-8.66018392,5,28,0,0,0,1
15,4,1,40.63426588,-8.66018392,5,28,0,0,0,1
15,4,1,40.63426588,-8.66018392,5,27,0,0,0,1
15,4,1,40.63426588,-8.66018392,5,27,0,0,0,1
15,4,2,40.63426588,-8.66018392,5,27,0,0,0,1
15,4,2,40.63426588,-8.66018392,5,27,0,0,0,1
15,4,2,40.63426588,-8.66018392,5,27,0,0,0,1
15,4,3,40.63426588,-8.66018392,5,27,0,0,0,1
15,4,3,40.63426588,-8.66018392,5,27,0,0,0,1
15,4,3,40.63426588,-8.66018392,5,27,0,0,0,1
15,4,4,40.63426588,-8.66018392,5,27,0,0,0,1
15,4,4,40.63426588,-8.66018392,5,27,0,0,0,1
15,4,4,40.63426588,-8.66018200,5,27,0,0,0,1
15,4,5,40.63426588,-8.66018200,5,27,0,0,0,1
15,4,5,40.63426588,-8.66018200,5,27,0,0,0,1
15,4,5,40.63426588,-8.66018200,5,27,0,0,0,1
15,4,6,40.63426588,-8.66018200,5,27,0,0,0,1
15,4,6,40.63426588,-8.66018200,5,27,0,0,0,1
15,4,6,40.63426588,-8.66018200,5,26,0,0,0,1
15,4,7,40.63426588,-8.66018200,5,26,0,0,0,1
15,4,7,40.63426588,-8.66018200,5,26,0,0,0,1
15,4,7,40.63426588,-8.66018200,5,26,0,0,0,1
15,4,8,40.63426588,-8.66018200,5,26,0,0,0,1
15,4,8,40.63426588,-8.66018200,5,26,0,0,0,1
15,4,8,40.63426588,-8.66018200,5,26,0,0,0,1
15,4,9,40.63426588,-8.66018200,5,26,0,0,0,1
15,4,9,40.63426588,-8.66018200,5,26,0,0,0,1
15,4,9,40.63426588,-8.66018200,5,26,0,0,0,1
15,4,10,40.63426588,-8.66018200,5,26,0,0,0,1
15,4,10,40.63426588,-8.66018200,5,26,0,0,0,1
15,4,10,40.63426588,-8.66018104,5,26,0,0,0,1
15,4,11,40.63426588,-8.66018104,5,26,0,0,0,1
15,4,11,40.63426588,-8.66018104,5,26,0,0,0,1
15,4,11,40.63426588,-8.66018104,5,26,0,0,0,1
15,4,12,40.63426588,-8.66018104,5,26,0,0,0,1
15,4,12,40.63426588,-8.66018104,5,26,0,0,0,1
15,4,12,40.63426588,-8.66018104,5,14,0,0,0,1
15,4,13,40.63426588,-8.66018104,5,14,0,0,0,1
15,4,13,40.63426588,-8.66018104,5,14,0,0,0,1
15,4,13,40.63426588,-8.66018104,5,14,0,0,0,1
15,4,14,40.63426588,-8.66018104,5,14,0,0,0,1
15,4,14,40.63426588,-8.66018104,5,14,0,0,0,1
15,4,14,40.63426588,-8.66018104,5,14,0,0,0,1
15,4,15,40.63426588,-8.66018104,5,14,0,0,0,1
15,4,15,40.63426588,-8.66018104,5,14,0,0,0,1
15,4,15,40.63426588,-8.66018104,5,14,0,0,0,1
15,4,16,40.63426588,-8.66018104,5,14,0,0,0,1
15,4,16,40.63426588,-8.66018104,5,14,0,0,0,1
15,4,16,40.63426588,-8.66018104,5,14,0,0,0,1
15,4,17,40.63426588,-8.66018104,5,14,0,0,0,1
15,4,17,40.63426588,-8.66018104,5,14,0,0,0,1
15,4,17,40.63426588,-8.66018104,5,14,0,0,0,1
15,4,18,40.63426588,-8.66018104,5,14,0,0,0,1
15,4,18,40.63426588,-8.66018104,5,14,0,0,0,1
15,4,18,40.63426588,-8.66018104,5,14,0,0,0,1
15,4,19,40.63426588,-8.66018200,5,14,0,0,0,1
15,4,19,40.63426588,-8.66018200,5,14,0,0,0,1
15,4,19,40.63426588,-8.66018200,5,14,0,0,0,1
15,4,20,40.63426588,-8.66018200,5,14,0,0,0,1
15,4,20,40.63426588,-8.66018200,5,14,0,0,0,1
15,4,20,40.63426588,-8.66018200,5,14,0,0,0,1
15,4,21,40.63426588,-8.66018200,5,15,0,0,0,1
15,4,21,40.63426588,-8.66018200,5,15,0,0,0,1
15,4,21,40.63426588,-8.66018200,5,15,0,0,0,1
15,4,22,40.63426588,-8.66018200,5,15,0,0,0,1
15,4,22,40.63426588,-8.66018200,5,15,0,0,0,1
15,4,22,40.63426588,-8.66018200,5,15,0,0,0,1
15,4,23,40.63426588,-8.66018200,5,15,0,0,0,1
15,4,23,40.63426588,-8.66018200,5,15,0,0,0,1
15,4,23,40.63426588,-8.66018200,5,15,0,0,0,1
15,4,24,40.63426588,-8.66018200,5,15,0,0,0,1
15,4,24,40.63426588,-8.66018200,5,14,0,0,0,1
15,4,24,40.63426588,-8.66018200,5,14,0,0,0,1
15,4,25,40.63426588,-8.66018200,5,14,0,0,0,1
15,4,25,40.63426588,-8.66018200,5,14,0,0,0,1
15,4,25,40.63426588,-8.66018200,5,14,0,0,0,1
15,4,26,40.63426588,-8.66018200,5,14,0,0,0,1
15,4,26,40.63426588,-8.66018200,5,14,0,0,0,1
15,4,26,40.63426588,-8.66018200,5,14,0,0,0,1
15,4,27,40.63426588,-8.66018200,5,14,0,0,0,1
15,4,27,40.63426588,-8.66018200,5,14,0,0,0,1
15,4,27,40.63426588,-8.66018200,5,14,0,0,0,1
15,4,28,40.63426588,-8.66018200,5,14,0,0,0,1
15,4,28,40.63426588,-8.66018200,5,14,0,0,0,1
15,4,28,40.63426588,-8.66018200,5,14,0,0,0,1
15,4,29,40.63426588,-8.66018200,5,14,0,0,0,1
15,4,29,40.63426588,-8.66018200,5,14,0,0,0,1
15,4,29,40.63426588,-8.66018200,5,14,0,0,0,1
15,4,30,40.63426588,-8.66018200,5,14,0,0,0,1
15,4,30,40.63426588,-8.66018200,5,14,0,0,0,1
15,4,30,40.63426588,-8.66018200,5,14,0,0,0,1
15,4,31,40.63426588,-8.66018200,5,14,0,0,0,1
15,4,31,40.63426588,-8.66018200,5,14,0,0,0,1
15,4,31,40.63426588,-8.66018200,5,14,0,0,0,1
15,4,32,40.63426588,-8.66018200,5,14,0,0,0,1
15,4,32,40.63426588,-8.66018200,5,14,0,0,0,1
15,4,32,40.63426588,-8.66018200,5,14,0,0,0,1
15,4,33,40.63426588,-8.66018200,5,14,0,0,0,1
15,4,33,40.63426588,-8.66018200,5,14,0,0,0,1
15,4,33,40.63426588,-8.66018200,5,14,0,0,0,1
15,4,34,40.63426588,-8.66018200,5,14,0,0,0,1
15,4,34,40.63426588,-8.66018200,5,14,0,0,0,1
15,4,34,40.63426588,-8.66018200,5,14,0,0,0,1
15,4,35,40.63426588,-8.66018200,5,14,0,0,0,1
15,4,35,40.63426588,-8.66018200,5,14,0,0,0,1
15,4,35,40.63426588,-8.66018200,5,14,0,0,0,1
15,4,36,40.63426588,-8.66018200,5,14,0,0,0,1
15,4,36,40.63426588,-8.66018200,5,14,0,0,0,1
15,4,36,40.63426588,-8.66018200,5,14,0,0,0,1
15,4,37,40.63426588,-8.66018200,5,14,0,0,0,1
15,4,37,40.63426588,-8.66018200,5,14,0,0,0,1
15,4,37,40.63426588,-8.66018200,5,14,0,0,0,1
15,4,38,40.63426588,-8.66018200,5,14,0,0,0,1
15,4,38,40.63426588,-8.66018200,5,14,0,0,0,1
15,4,38,40.63426588,-8.66018200,5,14,0,0,0,1
15,4,39,40.63426588,-8.66018200,5,14,0,0,0,1
15,4,39,40.63426588,-8.66018200,5,14,0,0,0,1
15,4,39,40.63426588,-8.66018200,5,14,0,0,0,1
15,4,40,40.63426588,-8.66018200,5,14,0,0,0,1
15,4,40,40.63426588,-8.66018200,5,14,0,0,0,1
15,4,40,40.63426588,-8.66018200,5,14,0,0,0,1
15,4,41,40.63426588,-8.66018200,5,14,0,0,0,1
15,4,41,40.63426588,-8.66018200,5,14,0,0,0,1
15,4,41,40.63426588,-8.66018200,5,13,0,0,0,1
15,4,42,40.63426588,-8.66018104,5,13,0,0,0,1
15,4,42,40.63426588,-8.66018104,5,13,0,0,0,1
15,4,42,40.63426588,-8.66018104,5,13,0,0,0,1
15,4,43,40.63426588,-8.66018104,5,13,0,0,0,1
15,4,43,40.63426588,-8.66018104,5,13,0,0,0,1
15,4,43,40.63426588,-8.66018104,5,13,0,0,0,1
15,4,44,40.63426588,-8.66018104,5,13,0,0,0,1
15,4,44,40.63426588,-8.66018104,5,13,0,0,0,1
15,4,44,40.63426588,-8.66018104,5,13,0,0,0,1
15,4,45,40.63426588,-8.66018104,5,13,0,0,0,1
15,4,45,40.63426588,-8.66018104,5,13,0,0,0,1
15,4,45,40.63426588,-8.66018104,5,13,0,0,0,1
15,4,46,40.63426588,-8.66018104,5,13,0,0,0,1
15,4,46,40.63426588,-8.66018104,5,13,0,0,0,1
15,4,46,40.63426588,-8.66018104,5,13,0,0,0,1
15,4,47,40.63426588,-8.66018104,5,13,0,0,0,1
15,4,47,40.63426588,-8.66018104,5,13,0,0,0,1
15,4,47,40.63426588,-8.66018104,5,13,0,0,0,1
15,4,48,40.63426588,-8.66018104,5,13,0,0,0,1
15,4,48,40.63426588,-8.66018104,5,13,0,0,0,1
15,4,48,40.63426588,-8.66018104,5,13,0,0,0,1
15,4,49,40.63426588,-8.66018104,5,13,0,0,0,1
15,4,49,40.63426588,-8.66018104,5,13,0,0,0,1
15,4,49,40.63426588,-8.66018104,5,13,0,0,0,1
15,4,50,40.63426588,-8.66018104,5,13,0,0,0,1
15,4,50,40.63426588,-8.66018104,5,13,0,0,0,1
15,4,50,40.63426588,-8.66018104,5,13,0,0,0,1
15,4,51,40.63426588,-8.66018104,5,13,0,0,0,1
15,4,51,40.63426588,-8.66018104,5,13,0,0,0,1
15,4,51,40.63426588,-8.66018104,5,13,0,0,0,1
15,4,52,40.63426588,-8.66018104,5,13,0,0,0,1
15,4,52,40.63426588,-8.66018104,5,13,0,0,0,1
15,4,52,40.63426588,-8.66018104,5,13,0,0,0,1
15,4,53,40.63426588,-8.66018104,5,13,0,0,0,1
15,4,53,40.63426588,-8.66018104,5,13,0,0,0,1
15,4,53,40.63426588,-8.66018104,5,13,0,0,0,1
15,4,54,40.63426588,-8.66018104,5,13,0,0,0,1
15,4,54,40.63426588,-8.66018104,5,13,0,0,0,1
15,4,54,40.63426588,-8.66018104,5,13,0,0,0,1
15,4,55,40.63426588,-8.66018008,5,13,0,0,0,1
15,4,55,40.63426588,-8.66018008,5,13,0,0,0,1
15,4,55,40.63426588,-8.66018008,5,13,0,0,0,1
15,4,56,40.63426588,-8.66018008,5,13,0,0,0,1
15,4,56,40.63426588,-8.66018008,5,13,0,0,0,1
15,4,56,40.63426588,-8.66018104,5,13,0,0,0,1
15,4,57,40.63426588,-8.66018104,5,13,0,0,0,1
15,4,57,40.63426588,-8.66018008,5,13,0,0,0,1
15,4,57,40.63426588,-8.66018008,5,13,0,0,0,1
15,4,58,40.63426588,-8.66018104,5,13,0,0,0,1
15,4,58,40.63426588,-8.66018008,5,13,0,0,0,1
15,4,58,40.63426588,-8.66018104,5,13,0,0,0,1
15,4,59,40.63426588,-8.66018104,5,13,0,0,0,1
15,4,59,40.63426588,-8.66018104,5,13,0,0,0,1
15,4,59,40.63426588,-8.66018104,5,13,0,0,0,1
15,5,0,40.63426588,-8.66018104,5,13,0,0,0,1
15,5,0,40.63426588,-8.66018104,5,13,0,0,0,1
15,5,0,40.63426588,-8.66018104,5,13,0,0,0,1
15,5,1,40.63426588,-8.66018104,5,13,0,0,0,1
15,5,1,40.63426588,-8.66018104,5,13,0,0,0,1
15,5,1,40.63426588,-8.66018104,5,13,0,0,0,1
15,5,2,40.63426588,-8.66018104,5,13,0,0,0,1
15,5,2,40.63426588,-8.66018104,5,13,0,0,0,1
15,5,2,40.63426588,-8.66018104,5,13,0,0,0,1
15,5,3,40.63426588,-8.66018104,5,13,0,0,0,1
15,5,3,40.63426588,-8.66018104,5,13,0,0,0,1
15,5,3,40.63426588,-8.66018104,5,13,0,0,0,1
15,5,4,40.63426588,-8.66018104,5,13,0,0,0,1
15,5,4,40.63426588,-8.66018104,5,13,0,0,0,1
15,5,4,40.63426588,-8.66018104,5,13,0,0,0,1
15,5,5,40.63426588,-8.66018104,5,13,0,0,0,1
15,5,5,40.63426588,-8.66018104,5,13,0,0,0,1
15,5,5,40.63426588,-8.66018104,5,13,0,0,0,1
15,5,6,40.63426588,-8.66018104,5,13,0,0,0,1
15,5,6,40.63426588,-8.66018104,5,13,0,0,0,1
15,5,6,40.63426588,-8.66018104,5,13,0,0,0,1
15,5,7,40.63426588,-8.66018104,5,13,0,0,0,1
15,5,7,40.63426588,-8.66018104,5,13,0,0,0,1
15,5,7,40.63426588,-8.66018104,5,13,0,0,0,1
15,5,8,40.63426588,-8.66018104,5,13,0,0,0,1
15,5,8,40.63426588,-8.66018104,5,13,0,0,0,1
15,5,8,40.63426588,-8.66018104,5,13,0,0,0,1
15,5,9,40.63426588,-8.66018104,5,13,0,0,0,1
15,5,9,40.63426588,-8.66018104,5,13,0,0,0,1
15,5,9,40.63426588,-8.66018104,5,13,0,0,0,1
15,5,10,40.63426588,-8.66018104,5,13,0,0,0,1
15,5,10,40.63426588,-8.66018104,5,13,0,0,0,1
15,5,10,40.63426588,-8.66018104,5,13,0,0,0,1
15,5,11,40.63426588,-8.66018200,5,13,0,0,0,1
15,5,11,40.63426588,-8.66018200,5,13,0,0,0,1
15,5,11,40.63426588,-8.66018200,5,13,0,0,0,1
15,5,12,40.63426588,-8.66018200,5,13,0,0,0,1
15,5,12,40.63426588,-8.66018200,5,13,0,0,0,1
15,5,12,40.63426588,-8.66018200,5,13,0,0,0,1
15,5,13,40.63426588,-8.66018200,5,13,0,0,0,1
15,5,13,40.63426588,-8.66018200,5,13,0,0,0,1
15,5,13,40.63426588,-8.66018200,5,13,0,0,0,1
15,5,14,40.63426588,-8.66018200,5,13,0,0,0,1
15,5,14,40.63426588,-8.66018200,5,13,0,0,0,1
15,5,14,40.63426588,-8.66018200,5,13,0,0,0,1
15,5,15,40.63426588,-8.66018200,5,13,0,0,0,1
15,5,15,40.63426588,-8.66018200,5,13,0,0,0,1
15,5,15,40.63426588,-8.66018200,5,13,0,0,0,1
15,5,16,40.63426588,-8.66018200,5,13,0,0,0,1
15,5,16,40.63426588,-8.66018200,5,13,0,0,0,1
15,5,16,40.63426588,-8.66018200,5,13,0,0,0,1
15,5,17,40.63426588,-8.66018200,5,13,0,0,0,1
15,5,17,40.63426588,-8.66018200,5,13,0,0,0,1
15,5,17,40.63426588,-8.66018200,5,13,0,0,0,1
15,5,18,40.63426588,-8.66018200,5,13,0,0,0,1
15,5,18,40.63426588,-8.66018200,5,13,0,0,0,1
15,5,18,40.63426588,-8.66018200,5,13,0,0,0,1
15,5,19,40.63426588,-8.66018200,5,13,0,0,0,1
15,5,19,40.63426588,-8.66018200,5,13,0,0,0,1
15,5,19,40.63426588,-8.66018200,5,13,0,0,0,1
15,5,20,40.63426588,-8.66018200,5,13,0,0,0,1
15,5,20,40.63426588,-8.66018200,5,13,0,0,0,1
15,5,20,40.63426588,-8.66018200,5,13,0,0,0,1
15,5,21,40.63426588,-8.66018200,5,13,0,0,0,1
15,5,21,40.63426588,-8.66018200,5,13,0,0,0,1
15,5,21,40.63426588,-8.66018200,5,13,0,0,0,1
15,5,22,40.63426588,-8.66018200,5,13,0,0,0,1
15,5,22,40.63426588,-8.66018200,5,13,0,0,0,1
15,5,22,40.63426588,-8.66018200,5,13,0,0,0,1
15,5,23,40.63426588,-8.66018200,5,13,0,0,0,1
15,5,23,40.63426588,-8.66018200,5,13,0,0,0,1
15,5,23,40.63426588,-8.66018104,5,13,0,0,0,1
15,5,24,40.63426588,-8.66018104,5,13,0,0,0,1
15,5,24,40.63426588,-8.66018104,5,13,0,0,0,1
15,5,24,40.63426588,-8.66018104,5,13,0,0,0,1
15,5,25,40.63426588,-8.66018104,5,13,0,0,0,1
15,5,25,40.63426588,-8.66018104,5,13,0,0,0,1
15,5,25,40.63426588,-8.66018104,5,13,0,0,0,1
15,5,26,40.63426588,-8.66018104,5,13,0,0,0,1
15,5,26,40.63426588,-8.66018104,5,13,0,0,0,1
15,5,26,40.63426588,-8.66018104,5,13,0,0,0,1
15,5,27,40.63426588,-8.66018104,5,13,0,0,0,1
15,5,27,40.63426588,-8.66018104,5,13,0,0,0,1
15,5,27,40.63426588,-8.66018104,5,13,0,0,0,1
15,5,28,40.63426588,-8.66018104,5,13,0,0,0,1
15,5,28,40.63426588,-8.66018104,5,13,0,0,0,1
15,5,28,40.63426588,-8.66018104,5,21,0,0,0,1
15,5,29,40.63426588,-8.66018104,5,21,0,0,0,1
15,5,29,40.63426588,-8.66018104,5,21,0,0,0,1
15,5,29,40.63426588,-8.66018104,5,21,0,0,0,1
15,5,30,40.63426588,-8.66018104,5,21,0,0,0,1
15,5,30,40.63426588,-8.66018104,5,21,0,0,0,1
15,5,30,40.63426588,-8.66018104,5,21,0,0,0,1
15,5,31,40.63426588,-8.66018104,5,21,0,0,0,1
15,5,31,40.63426588,-8.66018104,5,21,0,0,0,1
15,5,31,40.63426588,-8.66018104,5,21,0,0,0,1
15,5,32,40.63426588,-8.66018104,5,20,0,0,0,1
15,5,32,40.63426588,-8.66018104,5,20,0,0,0,1
15,5,32,40.63426588,-8.66018104,5,20,0,0,0,1
15,5,33,40.63426588,-8.66018104,5,20,0,0,0,1
15,5,33,40.63426588,-8.66018104,5,20,0,0,0,1
15,5,33,40.63426588,-8.66018104,5,20,0,0,0,1
15,5,34,40.63426588,-8.66018104,5,20,0,0,0,1
15,5,34,40.63426588,-8.66018104,5,20,0,0,0,1
15,5,34,40.63426588,-8.66018104,5,20,0,0,0,1
15,5,35,40.63426588,-8.66018104,5,20,0,0,0,1
15,5,35,40.63426588,-8.66018104,5,20,0,0,0,1
15,5,35,40.63426588,-8.66018104,5,20,0,0,0,1
15,5,36,40.63426588,-8.66018104,5,20,0,0,0,1
15,5,36,40.63426588,-8.66018104,5,20,0,0,0,1
15,5,36,40.63426588,-8.66018104,5,20,0,0,0,1
15,5,37,40.63426588,-8.66018104,5,20,0,0,0,1
15,5,37,40.63426588,-8.66018104,5,20,0,0,0,1
15,5,37,40.63426588,-8.66018104,5,20,0,0,0,1
15,5,38,40.63426588,-8.66018104,5,20,0,0,0,1
15,5,38,40.63426588,-8.66018104,5,20,0,0,0,1
15,5,38,40.63426588,-8.66018104,5,20,0,0,0,1
15,5,39,40.63426588,-8.66018104,5,20,0,0,0,1
15,5,39,40.63426588,-8.66018104,5,16,0,0,0,1
15,5,39,40.63426588,-8.66018104,5,16,0,0,0,1
15,5,40,40.63426588,-8.66018104,5,16,0,0,0,1
15,5,40,40.63426588,-8.66018104,5,16,0,0,0,1
15,5,40,40.63426588,-8.66018104,5,16,0,0,0,1
15,5,41,40.63426588,-8.66018104,5,16,0,0,0,1
15,5,41,40.63426588,-8.66018104,5,16,0,0,0,1
15,5,41,40.63426588,-8.66018104,5,16,0,0,0,1
15,5,42,40.63426588,-8.66018104,5,16,0,0,0,1
15,5,42,40.63426588,-8.66018104,5,16,0,0,0,1
15,5,42,40.63426588,-8.66018104,5,16,0,0,0,1
15,5,43,40.63426588,-8.66018104,5,16,0,0,0,1
15,5,43,40.63426588,-8.66018104,5,16,0,0,0,1
15,5,43,40.63426588,-8.66018104,5,16,0,0,0,1
15,5,44,40.63426588,-8.66018104,5,16,0,0,0,1
15,5,44,40.63426588,-8.66018104,5,16,0,0,0,1
15,5,44,40.63426588,-8.66018104,5,16,0,0,0,1
15,5,45,40.63426588,-8.66018104,5,16,0,0,0,1
15,5,45,40.63426588,-8.66018104,5,16,0,0,0,1
15,5,45,40.63426588,-8.66018104,5,16,0,0,0,1
15,5,46,40.63426588,-8.66018200,5,16,0,0,0,1
15,5,46,40.63426588,-8.66018200,5,16,0,0,0,1
15,5,46,40.63426588,-8.66018200,5,16,0,0,0,1
15,5,47,40.63426588,-8.66018200,5,16,0,0,0,1
15,5,47,40.63426588,-8.66018200,5,15,0,0,0,1
15,5,47,40.63426588,-8.66018200,5,15,0,0,0,1
15,5,48,40.63426588,-8.66018200,5,15,0,0,0,1
15,5,48,40.63426588,-8.66018200,5,15,0,0,0,1
15,5,48,40.63426588,-8.66018200,5,15,0,0,0,1
15,5,49,40.63426588,-8.66018200,5,15,0,0,0,1
15,5,49,40.63426588,-8.66018200,5,15,0,0,0,1
15,5,49,40.63426588,-8.66018200,5,15,0,0,0,1
15,5,50,40.63426588,-8.66018200,5,15,0,0,0,1
15,5,50,40.63426588,-8.66018200,5,16,0,0,0,1
15,5,50,40.63426588,-8.66018200,5,16,0,0,0,1
15,5,51,40.63426588,-8.66018200,5,16,0,0,0,1
15,5,51,40.63426588,-8.66018200,5,16,0,0,0,1
15,5,51,40.63426588,-8.66018200,5,16,0,0,0,1
15,5,52,40.63426588,-8.66018200,5,16,0,0,0,1
15,5,52,40.63426588,-8.66018200,5,16,0,0,0,1
15,5,52,40.63426588,-8.66018200,5,16,0,0,0,1
15,5,53,40.63426588,-8.66018200,5,16,0,0,0,1
15,5,53,40.63426588,-8.66018200,5,16,0,0,0,1
15,5,53,40.63426588,-8.66018200,5,16,0,0,0,1
15,5,54,40.63426588,-8.66018200,5,16,0,0,0,1
15,5,54,40.63426588,-8.66018200,5,16,0,0,0,1
15,5,54,40.63426588,-8.66018200,5,16,0,0,0,1
15,5,55,40.63426588,-8.66018200,5,16,0,0,0,1
15,5,55,40.63426588,-8.66018200,5,16,0,0,0,1
15,5,55,40.63426588,-8.66018200,5,16,0,0,0,1
15,5,56,40.63426588,-8.66018200,5,15,0,0,0,1
15,5,56,40.63426588,-8.66018200,5,15,0,0,0,1
15,5,56,40.63426588,-8.66018200,5,15,0,0,0,1
15,5,57,40.63426588,-8.66018200,5,15,0,0,0,1
15,5,57,40.63426588,-8.66018200,5,15,0,0,0,1
15,5,57,40.63426588,-8.66018200,5,15,0,0,0,1
15,5,58,40.63426588,-8.66018200,5,15,0,0,0,1
15,5,58,40.63426588,-8.66018200,5,15,0,0,0,1
15,5,58,40.63426588,-8.66018200,5,15,0,0,0,1
15,5,59,40.63426588,-8.66018200,5,15,0,0,0,1
15,5,59,40.63426588,-8.66018200,5,15,0,0,0,1
15,5,59,40.63426588,-8.66018392,5,15,0,0,0,1
15,6,0,40.63426588,-8.66018392,5,15,0,0,0,1
15,6,0,40.63426588,-8.66018392,5,15,0,0,0,1
15,6,0,40.63426588,-8.66018392,5,15,0,0,0,1
15,6,1,40.63426588,-8.66018392,5,15,0,0,0,1
15,6,1,40.63426588,-8.66018392,5,15,0,0,0,1
15,6,1,40.63426588,-8.66018392,5,15,0,0,0,1
15,6,2,40.63426588,-8.66018392,5,15,0,0,0,1
15,6,2,40.63426588,-8.66018392,5,15,0,0,0,1
15,6,2,40.63426588,-8.66018392,5,15,0,0,0,1
15,6,3,40.63426588,-8.66018392,5,15,0,0,0,1
15,6,3,40.63426588,-8.66018392,5,15,0,0,0,1
15,6,3,40.63426588,-8.66018392,5,15,0,0,0,1
15,6,4,40.63426588,-8.66018392,5,15,0,0,0,1
15,6,4,40.63426588,-8.66018392,5,15,0,0,0,1
15,6,4,40.63426588,-8.66018392,5,15,0,0,0,1
15,6,5,40.63426588,-8.66018392,5,15,0,0,0,1
15,6,5,40.63426588,-8.66018392,5,15,0,0,0,1
15,6,5,40.63426588,-8.66018392,5,15,0,0,0,1
15,6,6,40.63426588,-8.66018392,5,15,0,0,0,1
15,6,6,40.63426588,-8.66018392,5,15,0,0,0,1
15,6,6,40.63426588,-8.66018392,5,15,0,0,0,1
15,6,7,40.63426588,-8.66018392,5,15,0,0,0,1
15,6,7,40.63426588,-8.66018392,5,15,0,0,0,1
15,6,7,40.63426588,-8.66018392,5,15,0,0,0,1
15,6,8,40.63426588,-8.66018392,5,15,0,0,0,1
15,6,8,40.63426588,-8.66018392,5,15,0,0,0,1
15,6,8,40.63426588,-8.66018392,5,15,0,0,0,1
15,6,9,40.63426588,-8.66018392,5,15,0,0,0,1
15,6,9,40.63426588,-8.66018392,5,15,0,0,0,1
15,6,9,40.63426588,-8.66018392,5,15,0,0,0,1
15,6,10,40.63426588,-8.66018392,5,15,0,0,0,1
15,6,10,40.63426588,-8.66018392,5,15,0,0,0,1
15,6,10,40.63426588,-8.66018392,5,15,0,0,0,1
15,6,11,40.63426588,-8.66018392,5,15,0,0,0,1
15,6,11,40.63426588,-8.66018392,5,15,0,0,0,1
15,6,11,40.63426588,-8.66018392,5,15,0,0,0,1
15,6,12,40.63426588,-8.66018392,5,15,0,0,0,1
15,6,12,40.63426588,-8.66018392,5,15,0,0,0,1
15,6,12,40.63426588,-8.66018200,5,15,0,0,0,1
15,6,13,40.63426588,-8.66018200,5,15,0,0,0,1
15,6,13,40.63426588,-8.66018200,5,15,0,0,0,1
15,6,13,40.63426588,-8.66018200,5,15,0,0,0,1
15,6,14,40.63426588,-8.66018200,5,15,0,0,0,1
15,6,14,40.63426588,-8.66018200,5,15,0,0,0,1
15,6,14,40.63426588,-8.66018200,5,15,0,0,0,1
15,6,15,40.63426588,-8.66018200,5,15,0,0,0,1
15,6,15,40.63426588,-8.66018392,5,15,0,0,0,1
15,6,15,40.63426588,-8.66018200,5,15,0,0,0,1
15,6,16,40.63426588,-8.66018200,5,15,0,0,0,1
15,6,16,40.63426588,-8.66018200,5,15,0,0,0,1
15,6,16,40.63426588,-8.66018200,5,15,0,0,0,1
15,6,17,40.63426588,-8.66018200,5,15,0,0,0,1
15,6,17,40.63426588,-8.66018200,5,15,0,0,0,1
15,6,17,40.63426588,-8.66018200,5,15,0,0,0,1
15,6,18,40.63426588,-8.66018200,5,15,0,0,0,1
15,6,18,40.63426588,-8.66018200,5,15,0,0,0,1
15,6,18,40.63426588,-8.66018200,5,15,0,0,0,1
15,6,19,40.63426588,-8.66018200,5,15,0,0,0,1
15,6,19,40.63426588,-8.66018200,5,15,0,0,0,1
15,6,19,40.63426588,-8.66018200,5,15,0,0,0,1
15,6,20,40.63426588,-8.66018200,5,15,0,0,0,1
15,6,20,40.63426588,-8.66018200,5,15,0,0,0,1
15,6,20,40.63426588,-8.66018200,5,15,0,0,0,1
15,6,21,40.63426588,-8.66018200,5,15,0,0,0,1
15,6,21,40.63426588,-8.66018200,5,15,0,0,0,1
15,6,21,40.63426588,-8.66018200,5,15,0,0,0,1
15,6,22,40.63426588,-8.66018200,5,15,0,0,0,1
15,6,22,40.63426588,-8.66018200,5,15,0,0,0,1
15,6,22,40.63426588,-8.66018200,5,15,0,0,0,1
15,6,23,40.63426588,-8.66018200,5,15,0,0,0,1
15,6,23,40.63426588,-8.66018200,5,15,0,0,0,1
15,6,23,40.63426588,-8.66018200,5,14,0,0,0,1
15,6,24,40.63426588,-8.66018200,5,14,0,0,0,1
15,6,24,40.63426588,-8.66018200,5,14,0,0,0,1
15,6,24,40.63426588,-8.66018200,5,14,0,0,0,1
15,6,25,40.63426588,-8.66018200,5,14,0,0,0,1
15,6,25,40.63426588,-8.66018200,5,14,0,0,0,1
15,6,25,40.63426588,-8.66018200,5,14,0,0,0,1
15,6,26,40.63426588,-8.66018200,5,14,0,0,0,1
15,6,26,40.63426588,-8.66018200,5,14,0,0,0,1
15,6,26,40.63426588,-8.66018200,5,14,0,0,0,1
15,6,27,40.63426588,-8.66018200,5,14,0,0,0,1
15,6,27,40.63426588,-8.66018200,5,14,0,0,0,1
15,6,27,40.63426588,-8.66018104,5,14,0,0,0,1
15,6,28,40.63426588,-8.66018104,5,14,0,0,0,1
15,6,28,40.63426588,-8.66018104,5,14,0,0,0,1
15,6,28,40.63426588,-8.66018104,5,14,0,0,0,1
15,6,29,40.63426588,-8.66018104,5,14,0,0,0,1
15,6,29,40.63426588,-8.66018104,5,14,0,0,0,1
15,6,29,40.63426588,-8.66018104,5,14,0,0,0,1
15,6,30,40.63426588,-8.66018104,5,14,0,0,0,1
15,6,30,40.63426588,-8.66018104,5,14,0,0,0,1
15,6,30,40.63426588,-8.66018104,5,14,0,0,0,1
15,6,31,40.63426588,-8.66018104,5,14,0,0,0,1
15,6,31,40.63426588,-8.66018104,5,14,0,0,0,1
15,6,31,40.63426588,-8.66018104,5,14,0,0,0,1
15,6,32,40.63426588,-8.66018104,5,14,0,0,0,1
15,6,32,40.63426588,-8.66018104,5,14,0,0,0,1
15,6,32,40.63426588,-8.66018104,5,14,0,0,0,1
15,6,33,40.63426588,-8.66018104,5,14,0,0,0,1
15,6,33,40.63426588,-8.66018104,5,14,0,0,0,1
15,6,33,40.63426588,-8.66018104,5,14,0,0,0,1
15,6,34,40.63426588,-8.66018104,5,14,0,0,0,1
15,6,34,40.63426588,-8.66018104,5,14,0,0,0,1
15,6,34,40.63426588,-8.66018104,5,14,0,0,0,1
15,6,35,40.63426588,-8.66018104,5,14,0,0,0,1
15,6,35,40.63426588,-8.66018104,5,14,0,0,0,1
15,6,35,40.63426588,-8.66018104,5,14,0,0,0,1
15,6,36,40.63426588,-8.66018104,5,14,0,0,0,1
15,6,36,40.63426588,-8.66018104,5,14,0,0,0,1
15,6,36,40.63426588,-8.66018104,5,14,0,0,0,1
15,6,37,40.63426588,-8.66018104,5,14,0,0,0,1
15,6,37,40.63426588,-8.66018104,5,14,0,0,0,1
15,6,37,40.63426588,-8.66018104,5,14,0,0,0,1
15,6,38,40.63426588,-8.66018104,5,14,0,0,0,1
15,6,38,40.63426588,-8.66018104,5,14,0,0,0,1
15,6,38,40.63426588,-8.66018104,5,14,0,0,0,1
15,6,39,40.63426588,-8.66018104,5,14,0,0,0,1
15,6,39,40.63426588,-8.66018104,5,14,0,0,0,1
15,6,39,40.63426588,-8.66018104,5,14,0,0,0,1
15,6,40,40.63426588,-8.66018104,5,14,0,0,0,1
15,6,40,40.63426588,-8.66018104,5,14,0,0,0,1
15,6,40,40.63426588,-8.66018104,5,14,0,0,0,1
15,6,41,40.63426588,-8.66018104,5,14,0,0,0,1
15,6,41,40.63426588,-8.66018104,5,14,0,0,0,1
15,6,41,40.63426588,-8.66018104,5,14,0,0,0,1
15,6,42,40.63426588,-8.66018104,5,14,0,0,0,1
15,6,42,40.63426588,-8.66018104,5,14,0,0,0,1
15,6,42,40.63426588,-8.66018104,5,14,0,0,0,1
15,6,43,40.63426588,-8.66018104,5,14,0,0,0,1
15,6,43,40.63426588,-8.66018104,5,14,0,0,0,1
15,6,43,40.63426588,-8.66018104,5,14,0,0,0,1
15,6,44,40.63426588,-8.66018104,5,14,0,0,0,1
15,6,44,40.63426588,-8.66018104,5,14,0,0,0,1
15,6,44,40.63426588,-8.66018104,5,14,0,0,0,1
15,6,45,40.63426588,-8.66018104,5,14,0,0,0,1
15,6,45,40.63426588,-8.66018104,5,14,0,0,0,1
15,6,45,40.63426588,-8.66018104,5,14,0,0,0,1
15,6,46,40.63426588,-8.66018104,5,14,0,0,0,1
15,6,46,40.63426588,-8.66018104,5,14,0,0,0,1
15,6,46,40.63426588,-8.66018104,5,14,0,0,0,1
15,6,47,40.63426588,-8.66018104,5,14,0,0,0,1
15,6,47,40.63426588,-8.66018104,5,14,0,0,0,1
15,6,47,40.63426588,-8.66018104,5,14,0,0,0,1
15,6,48,40.63426588,-8.66018104,5,14,0,0,0,1
15,6,48,40.63426588,-8.66018104,5,14,0,0,0,1
15,6,48,40.63426588,-8.66018104,5,14,0,0,0,1
15,6,49,40.63426588,-8.66018104,5,14,0,0,0,1
15,6,49,40.63426588,-8.66018104,5,14,0,0,0,1
15,6,49,40.63426588,-8.66018104,5,14,0,0,0,1
15,6,50,40.63426588,-8.66018104,5,14,0,0,0,1
15,6,50,40.63426588,-8.66018104,5,13,0,0,0,1
15,6,50,40.63426588,-8.66018104,5,13,0,0,0,1
15,6,51,40.63426588,-8.66018104,5,13,0,0,0,1
15,6,51,40.63426588,-8.66018104,5,13,0,0,0,1
15,6,51,40.63426588,-8.66018104,5,13,0,0,0,1
15,6,52,40.63426588,-8.66018104,5,13,0,0,0,1
15,6,52,40.63426588,-8.66018104,5,13,0,0,0,1
15,6,52,40.63426588,-8.66018104,5,13,0,0,0,1
15,6,53,40.63426588,-8.66018104,5,13,0,0,0,1
15,6,53,40.63426588,-8.66018104,5,13,0,0,0,1
15,6,53,40.63426588,-8.66018104,5,13,0,0,0,1
15,6,54,40.63426588,-8.66018104,5,13,0,0,0,1
15,6,54,40.63426588,-8.66018104,5,13,0,0,0,1
15,6,54,40.63426588,-8.66018104,5,13,0,0,0,1
15,6,55,40.63426588,-8.66018008,5,13,0,0,0,1
15,6,55,40.63426588,-8.66018008,5,13,0,0,0,1
15,6,55,40.63426588,-8.66018008,5,13,0,0,0,1
15,6,56,40.63426588,-8.66018008,5,13,0,0,0,1
15,6,56,40.63426588,-8.66018008,5,13,0,0,0,1
15,6,56,40.63426588,-8.66018008,5,13,0,0,0,1
15,6,57,40.63426588,-8.66018008,5,13,0,0,0,1
15,6,57,40.63426588,-8.66018008,5,13,0,0,0,1
15,6,57,40.63426588,-8.66018008,5,13,0,0,0,1
15,6,58,40.63426588,-8.66018008,5,13,0,0,0,1
15,6,58,40.63426588,-8.66018008,5,13,0,0,0,1
15,6,58,40.63426588,-8.66018008,5,13,0,0,0,1
15,6,59,40.63426588,-8.66018008,5,13,0,0,0,1
15,6,59,40.63426588,-8.66018008,5,13,0,0,0,1
15,6,59,40.63426588,-8.66018008,5,13,0,0,0,1
15,7,0,40.63426588,-8.66018008,5,13,0,0,0,1
15,7,0,40.63426588,-8.66018008,5,13,0,0,0,1
15,7,0,40.63426588,-8.66018008,5,13,0,0,0,1
15,7,1,40.63426588,-8.66018008,5,13,0,0,0,1
15,7,1,40.63426588,-8.66018008,5,13,0,0,0,1
15,7,1,40.63426588,-8.66018008,5,13,0,0,0,1
15,7,2,40.63426588,-8.66018008,5,13,0,0,0,1
15,7,2,40.63426588,-8.66018008,5,13,0,0,0,1
15,7,2,40.63426588,-8.66018008,5,13,0,0,0,1
15,7,3,40.63426588,-8.66018008,5,13,0,0,0,1
15,7,3,40.63426588,-8.66018008,5,13,0,0,0,1
15,7,3,40.63426588,-8.66018008,5,13,0,0,0,1
15,7,4,40.63426588,-8.66018008,5,13,0,0,0,1
15,7,4,40.63426588,-8.66018008,5,13,0,0,0,1
15,7,4,40.63426588,-8.66018008,5,13,0,0,0,1
15,7,5,40.63426588,-8.66018008,5,13,0,0,0,1
15,7,5,40.63426588,-8.66018008,5,13,0,0,0,1
15,7,5,40.63426588,-8.66018008,5,13,0,0,0,1
15,7,6,40.63426588,-8.66018008,5,13,0,0,0,1
15,7,6,40.63426588,-8.66018008,5,13,0,0,0,1
15,7,6,40.63426588,-8.66018008,5,13,0,0,0,1
15,7,7,40.63426588,-8.66018008,5,13,0,0,0,1
15,7,7,40.63426588,-8.66018008,5,13,0,0,0,1
15,7,7,40.63426588,-8.66018008,5,13,0,0,0,1
15,7,8,40.63426588,-8.66018008,5,13,0,0,0,1
15,7,8,40.63426588,-8.66018008,5,13,0,0,0,1
15,7,8,40.63426588,-8.66018008,5,13,0,0,0,1
15,7,9,40.63426588,-8.66018008,5,13,0,0,0,1
15,7,9,40.63426588,-8.66018008,5,13,0,0,0,1
15,7,9,40.63426588,-8.66018008,5,13,0,0,0,1
15,7,10,40.63426588,-8.66018008,5,13,0,0,0,1
15,7,10,40.63426588,-8.66018008,5,13,0,0,0,1
15,7,10,40.63426588,-8.66018008,5,13,0,0,0,1
15,7,11,40.63426588,-8.66018008,5,13,0,0,0,1
15,7,11,40.63426588,-8.66018008,5,13,0,0,0,1
15,7,11,40.63426588,-8.66018008,5,13,0,0,0,1
15,7,12,40.63426588,-8.66018008,5,13,0,0,0,1
15,7,12,40.63426588,-8.66018008,5,13,0,0,0,1
15,7,12,40.63426588,-8.66018008,5,13,0,0,0,1
15,7,13,40.63426588,-8.66018008,5,13,0,0,0,1
15,7,13,40.63426588,-8.66018008,5,13,0,0,0,1
15,7,13,40.63426588,-8.66018008,5,13,0,0,0,1
15,7,14,40.63426588,-8.66018008,5,13,0,0,0,1
15,7,14,40.63426588,-8.66018008,5,13,0,0,0,1
15,7,14,40.63426588,-8.66018008,5,13,0,0,0,1
15,7,15,40.63426588,-8.66018008,5,13,0,0,0,1
15,7,15,40.63426588,-8.66018008,5,13,0,0,0,1
15,7,15,40.63426588,-8.66018008,5,13,0,0,0,1
15,7,16,40.63426588,-8.66018008,5,13,0,0,0,1
15,7,16,40.63426588,-8.66018008,5,13,0,0,0,1
15,7,16,40.63426588,-8.66018008,5,13,0,0,0,1
15,7,17,40.63426588,-8.66018008,5,13,0,0,0,1
15,7,17,40.63426588,-8.66018008,5,13,0,0,0,1
15,7,17,40.63426588,-8.66018008,5,13,0,0,0,1
15,7,18,40.63426588,-8.66018008,5,13,0,0,0,1
15,7,18,40.63426588,-8.66018008,5,13,0,0,0,1
15,7,18,40.63426588,-8.66018008,5,13,0,0,0,1
15,7,19,40.63426588,-8.66018008,5,13,0,0,0,1
15,7,19,40.63426588,-8.66018008,5,13,0,0,0,1
15,7,19,40.63426588,-8.66018008,5,13,0,0,0,1
15,7,20,40.63426588,-8.66018008,5,13,0,0,0,1
15,7,20,40.63426588,-8.66018008,5,13,0,0,0,1
15,7,20,40.63426588,-8.66018008,5,13,0,0,0,1
15,7,21,40.63426588,-8.66018008,5,13,0,0,0,1
15,7,21,40.63426588,-8.66018008,5,13,0,0,0,1
15,7,21,40.63426588,-8.66018008,5,13,0,0,0,1
15,7,22,40.63426588,-8.66018008,5,13,0,0,0,1
15,7,22,40.63426588,-8.66018008,5,13,0,0,0,1
15,7,22,40.63426588,-8.66018008,5,13,0,0,0,1
15,7,23,40.63426588,-8.66018008,5,13,0,0,0,1
15,7,23,40.63426588,-8.66018008,5,13,0,0,0,1
15,7,23,40.63426588,-8.66018008,5,13,0,0,0,1
15,7,24,40.63426588,-8.66018008,5,13,0,0,0,1
15,7,24,40.63426588,-8.66018008,5,13,0,0,0,1
15,7,24,40.63426588,-8.66018008,5,13,0,0,0,1
15,7,25,40.63426588,-8.66018008,5,13,0,0,0,1
15,7,25,40.63426588,-8.66018008,5,13,0,0,0,1
15,7,25,40.63426588,-8.66018008,5,13,0,0,0,1
15,7,26,40.63426588,-8.66018008,5,13,0,0,0,1
15,7,26,40.63426588,-8.66018008,5,13,0,0,0,1
15,7,26,40.63426588,-8.66018008,5,13,0,0,0,1
15,7,27,40.63426588,-8.66018008,5,13,0,0,0,1
15,7,27,40.63426588,-8.66018008,5,14,0,0,0,1
15,7,27,40.63426588,-8.66018008,5,14,0,0,0,1
15,7,28,40.63426588,-8.66018008,5,14,0,0,0,1
15,7,28,40.63426588,-8.66018008,5,14,0,0,0,1
15,7,28,40.63426588,-8.66018008,5,14,0,0,0,1
15,7,29,40.63426588,-8.66018008,5,14,0,0,0,1
15,7,29,40.63426588,-8.66018008,5,14,0,0,0,1
15,7,29,40.63426588,-8.66018008,5,14,0,0,0,1
15,7,30,40.63426588,-8.66018008,5,14,0,0,0,1
15,7,30,40.63426588,-8.66018008,5,14,0,0,0,1
15,7,30,40.63426588,-8.66018008,5,14,0,0,0,1
15,7,31,40.63426588,-8.66018008,5,14,0,0,0,1
15,7,31,40.63426588,-8.66018008,5,14,0,0,0,1
15,7,31,40.63426588,-8.66018104,5,14,0,0,0,1
15,7,32,40.63426588,-8.66018104,5,14,0,0,0,1
15,7,32,40.63426588,-8.66018104,5,14,0,0,0,1
15,7,32,40.63426588,-8.66018104,5,14,0,0,0,1
15,7,33,40.63426588,-8.66018104,5,14,0,0,0,1
15,7,33,40.63426588,-8.66018104,5,14,0,0,0,1
15,7,33,40.63426588,-8.66018104,5,14,0,0,0,1
15,7,34,40.63426588,-8.66018104,5,14,0,0,0,1
15,7,34,40.63426588,-8.66018104,5,14,0,0,0,1
15,7,34,40.63426588,-8.66018104,5,14,0,0,0,1
15,7,35,40.63426588,-8.66018104,5,14,0,0,0,1
15,7,35,40.63426588,-8.66018104,5,14,0,0,0,1
15,7,35,40.63426588,-8.66018104,5,14,0,0,0,1
15,7,36,40.63426588,-8.66018104,5,14,0,0,0,1
15,7,36,40.63426588,-8.66018104,5,14,0,0,0,1
15,7,36,40.63426588,-8.66018104,5,14,0,0,0,1
15,7,37,40.63426588,-8.66018104,5,14,0,0,0,1
15,7,37,40.63426588,-8.66018104,5,14,0,0,0,1
15,7,37,40.63426588,-8.66018104,5,15,0,0,0,1
15,7,38,40.63426588,-8.66018104,5,15,0,0,0,1
15,7,38,40.63426588,-8.66018104,5,15,0,0,0,1
15,7,38,40.63426588,-8.66018104,5,15,0,0,0,1
15,7,39,40.63426588,-8.66018104,5,15,0,0,0,1
15,7,39,40.63426588,-8.66018104,5,15,0,0,0,1
15,7,39,40.63426588,-8.66018104,5,15,0,0,0,1
15,7,40,40.63426588,-8.66018104,5,15,0,0,0,1
15,7,40,40.63426588,-8.66018104,5,15,0,0,0,1
15,7,40,40.63426588,-8.66018104,5,15,0,0,0,1
15,7,41,40.63426588,-8.66018104,5,15,0,0,0,1
15,7,41,40.63426588,-8.66018104,5,15,0,0,0,1
15,7,41,40.63426588,-8.66018104,5,15,0,0,0,1
15,7,42,40.63426588,-8.66018104,5,15,0,0,0,1
15,7,42,40.63426588,-8.66018104,5,15,0,0,0,1
15,7,42,40.63426588,-8.66018104,5,15,0,0,0,1
15,7,43,40.63426588,-8.66018104,5,15,0,0,0,1
15,7,43,40.63426588,-8.66018104,5,15,0,0,0,1
15,7,43,40.63426588,-8.66018104,5,15,0,0,0,1
15,7,44,40.63426588,-8.66018104,5,15,0,0,0,1
15,7,44,40.63426588,-8.66018104,5,15,0,0,0,1
15,7,44,40.63426588,-8.66018104,5,15,0,0,0,1
15,7,45,40.63426588,-8.66018104,5,15,0,0,0,1
15,7,45,40.63426588,-8.66018104,5,15,0,0,0,1
15,7,45,40.63426588,-8.66018104,5,15,0,0,0,1
15,7,46,40.63426588,-8.66018104,5,15,0,0,0,1
15,7,46,40.63426588,-8.66018104,5,15,0,0,0,1
15,7,46,40.63426588,-8.66018104,5,15,0,0,0,1
15,7,47,40.63426588,-8.66018104,5,15,0,0,0,1
15,7,47,40.63426588,-8.66018104,5,15,0,0,0,1
15,7,47,40.63426588,-8.66018104,5,15,0,0,0,1
15,7,48,40.63426588,-8.66018104,5,15,0,0,0,1
15,7,48,40.63426588,-8.66018104,5,15,0,0,0,1
15,7,48,40.63426588,-8.66018008,5,15,0,0,0,1
15,7,49,40.63426588,-8.66018008,5,15,0,0,0,1
15,7,49,40.63426588,-8.66018008,5,15,0,0,0,1
15,7,49,40.63426588,-8.66018008,5,15,0,0,0,1
15,7,50,40.63426588,-8.66018008,5,15,0,0,0,1
15,7,50,40.63426588,-8.66018008,5,15,0,0,0,1
15,7,50,40.63426588,-8.66018008,5,15,0,0,0,1
15,7,51,40.63426588,-8.66018008,5,15,0,0,0,1
15,7,51,40.63426588,-8.66018008,5,15,0,0,0,1
15,7,51,40.63426588,-8.66018008,5,15,0,0,0,1
15,7,52,40.63426588,-8.66018008,5,15,0,0,0,1
15,7,52,40.63426588,-8.66018008,5,15,0,0,0,1
15,7,52,40.63426588,-8.66018008,5,15,0,0,0,1
15,7,53,40.63426588,-8.66018008,5,15,0,0,0,1
15,7,53,40.63426588,-8.66018008,5,15,0,0,0,1
15,7,53,40.63426588,-8.66018008,5,15,0,0,0,1
15,7,54,40.63426588,-8.66018008,5,15,0,0,0,1
15,7,54,40.63426588,-8.66018008,5,16,0,0,0,1
15,7,54,40.63426588,-8.66018008,5,16,0,0,0,1
15,7,55,40.63426588,-8.66018008,5,16,0,0,0,1
15,7,55,40.63426588,-8.66018008,5,16,0,0,0,1
15,7,55,40.63426588,-8.66018008,5,16,0,0,0,1
15,7,56,40.63426588,-8.66018008,5,16,0,0,0,1
15,7,56,40.63426588,-8.66018008,5,16,0,0,0,1
15,7,56,40.63426588,-8.66018008,5,16,0,0,0,1
15,7,57,40.63426588,-8.66018008,5,16,0,0,0,1
15,7,57,40.63426588,-8.66018008,5,16,0,0,0,1
15,7,57,40.63426588,-8.66018008,5,16,0,0,0,1
15,7,58,40.63426588,-8.66018008,5,16,0,0,0,1
15,7,58,40.63426588,-8.66018008,5,16,0,0,0,1
15,7,58,40.63426588,-8.66018008,5,16,0,0,0,1
15,7,59,40.63426588,-8.66018008,5,16,0,0,0,1
15,7,59,40.63426588,-8.66018008,5,16,0,0,0,1
15,7,59,40.63426588,-8.66018008,5,16,0,0,0,1
15,8,0,40.63426588,-8.66018008,5,16,0,0,0,1
15,8,0,40.63426588,-8.66018008,5,16,0,0,0,1
15,8,0,40.63426588,-8.66018008,5,16,0,0,0,1
15,8,1,40.63426588,-8.66018008,5,16,0,0,0,1
15,8,1,40.63426588,-8.66018008,5,16,0,0,0,1
15,8,1,40.63426588,-8.66018008,5,16,0,0,0,1
15,8,2,40.63426588,-8.66018008,5,16,0,0,0,1
15,8,2,40.63426588,-8.66018008,5,16,0,0,0,1
15,8,2,40.63426588,-8.66018008,5,16,0,0,0,1
15,8,3,40.63426588,-8.66018008,5,17,0,0,0,1
15,8,3,40.63426588,-8.66018008,5,17,0,0,0,1
15,8,3,40.63426588,-8.66018008,5,17,0,0,0,1
15,8,4,40.63426588,-8.66018008,5,17,0,0,0,1
15,8,4,40.63426588,-8.66018008,5,17,0,0,0,1
15,8,4,40.63426588,-8.66018008,5,17,0,0,0,1
15,8,5,40.63426588,-8.66018008,5,17,0,0,0,1
15,8,5,40.63426588,-8.66018008,5,17,0,0,0,1
15,8,5,40.63426588,-8.66018008,5,17,0,0,0,1
15,8,6,40.63426588,-8.66018008,5,17,0,0,0,1
15,8,6,40.63426588,-8.66018008,5,17,0,0,0,1
15,8,6,40.63426588,-8.66018008,5,17,0,0,0,1
15,8,7,40.63426588,-8.66018008,5,17,0,0,0,1
15,8,7,40.63426588,-8.66018008,5,17,0,0,0,1
15,8,7,40.63426588,-8.66018008,5,17,0,0,0,1
15,8,8,40.63426588,-8.66018008,5,17,0,0,0,1
15,8,8,40.63426588,-8.66018008,5,17,0,0,0,1
15,8,8,40.63426588,-8.66018008,5,17,0,0,0,1
15,8,9,40.63426588,-8.66018008,5,17,0,0,0,1
15,8,9,40.63426588,-8.66018008,5,17,0,0,0,1
15,8,9,40.63426588,-8.66018008,5,17,0,0,0,1
15,8,10,40.63426588,-8.66018008,5,17,0,0,0,1
15,8,10,40.63426588,-8.66018008,5,17,0,0,0,1
15,8,10,40.63426588,-8.66018008,5,17,0,0,0,1
15,8,11,40.63426588,-8.66018008,5,17,0,0,0,1
15,8,11,40.63426588,-8.66018008,5,17,0,0,0,1
15,8,11,40.63426588,-8.66018008,5,17,0,0,0,1
15,8,12,40.63426588,-8.66018008,5,17,0,0,0,1
15,8,12,40.63426588,-8.66018008,5,17,0,0,0,1
15,8,12,40.63426588,-8.66018008,5,17,0,0,0,1
15,8,13,40.63426588,-8.66018008,5,17,0,0,0,1
15,8,13,40.63426588,-8.66018008,5,17,0,0,0,1
15,8,13,40.63426588,-8.66018008,5,17,0,0,0,1
15,8,14,40.63426588,-8.66018008,5,17,0,0,0,1
15,8,14,40.63426588,-8.66018008,5,17,0,0,0,1
15,8,14,40.63426588,-8.66018008,5,17,0,0,0,1
15,8,15,40.63426588,-8.66018008,5,17,0,0,0,1
15,8,15,40.63426588,-8.66018008,5,17,0,0,0,1
15,8,15,40.63426588,-8.66018008,5,17,0,0,0,1
15,8,16,40.63426588,-8.66018008,5,17,0,0,0,1
15,8,16,40.63426588,-8.66018008,5,17,0,0,0,1
15,8,16,40.63426588,-8.66018008,5,17,0,0,0,1
15,8,17,40.63426588,-8.66018008,5,17,0,0,0,1
15,8,17,40.63426588,-8.66018008,5,17,0,0,0,1
15,8,17,40.63426588,-8.66018008,5,17,0,0,0,1
15,8,18,40.63426588,-8.66018008,5,17,0,0,0,1
15,8,18,40.63426588,-8.66018008,5,17,0,0,0,1
15,8,18,40.63426588,-8.66018008,5,17,0,0,0,1
15,8,19,40.63426588,-8.66018008,5,17,0,0,0,1
15,8,19,40.63426588,-8.66018008,5,17,0,0,0,1
15,8,19,40.63426588,-8.66018008,5,17,0,0,0,1
15,8,20,40.63426588,-8.66018008,5,17,0,0,0,1
15,8,20,40.63426588,-8.66018008,5,17,0,0,0,1
15,8,20,40.63426588,-8.66018008,5,17,0,0,0,1
15,8,21,40.63426588,-8.66018008,5,17,0,0,0,1
15,8,21,40.63426588,-8.66018008,5,18,0,0,0,1
15,8,21,40.63426588,-8.66018008,5,18,0,0,0,1
15,8,22,40.63426588,-8.66018008,5,18,0,0,0,1
15,8,22,40.63426588,-8.66018008,5,18,0,0,0,1
15,8,22,40.63426588,-8.66018008,5,18,0,0,0,1
15,8,23,40.63426588,-8.66018008,5,18,0,0,0,1
15,8,23,40.63426588,-8.66018008,5,18,0,0,0,1
15,8,23,40.63426588,-8.66018008,5,18,0,0,0,1
15,8,24,40.63426588,-8.66018008,5,18,0,0,0,1
15,8,24,40.63426588,-8.66018008,5,18,0,0,0,1
15,8,24,40.63426588,-8.66018008,5,18,0,0,0,1
15,8,25,40.63426588,-8.66018008,5,18,0,0,0,1
15,8,25,40.63426588,-8.66018008,5,18,0,0,0,1
15,8,25,40.63426588,-8.66018008,5,18,0,0,0,1
15,8,26,40.63426588,-8.66018008,5,18,0,0,0,1
15,8,26,40.63426588,-8.66018008,5,18,0,0,0,1
15,8,26,40.63426588,-8.66018008,5,18,0,0,0,1
15,8,27,40.63426588,-8.66018008,5,18,0,0,0,1
15,8,27,40.63426588,-8.66018008,5,18,0,0,0,1
15,8,27,40.63426588,-8.66018008,5,18,0,0,0,1
15,8,28,40.63426588,-8.66018008,5,18,0,0,0,1
15,8,28,40.63426588,-8.66018008,5,19,0,0,0,1
15,8,28,40.63426588,-8.66018008,5,19,0,0,0,1
15,8,29,40.63426588,-8.66018008,5,19,0,0,0,1
15,8,29,40.63426588,-8.66018008,5,19,0,0,0,1
15,8,29,40.63426588,-8.66018008,5,19,0,0,0,1
15,8,30,40.63426588,-8.66018008,5,19,0,0,0,1
15,8,30,40.63426588,-8.66018008,5,19,0,0,0,1
15,8,30,40.63426588,-8.66018008,5,19,0,0,0,1
15,8,31,40.63426588,-8.66018008,5,19,0,0,0,1
15,8,31,40.63426588,-8.66018008,5,19,0,0,0,1
15,8,31,40.63426588,-8.66018008,5,19,0,0,0,1
15,8,32,40.63426588,-8.66018008,5,19,0,0,0,1
15,8,32,40.63426588,-8.66018008,5,19,0,0,0,1
15,8,32,40.63426588,-8.66018008,5,19,0,0,0,1
15,8,33,40.63426588,-8.66018008,5,19,0,0,0,1
15,8,33,40.63426588,-8.66018008,5,19,0,0,0,1
15,8,33,40.63426588,-8.66018008,5,19,0,0,0,1
15,8,34,40.63426588,-8.66018008,5,19,0,0,0,1
15,8,34,40.63426588,-8.66018008,5,19,0,0,0,1
15,8,34,40.63426588,-8.66018008,5,19,0,0,0,1
15,8,35,40.63426588,-8.66018008,5,19,0,0,0,1
15,8,35,40.63426588,-8.66018008,5,20,0,0,0,1
15,8,35,40.63426588,-8.66018008,5,20,0,0,0,1
15,8,36,40.63426588,-8.66018008,5,20,0,0,0,1
15,8,36,40.63426588,-8.66018008,5,20,0,0,0,1
15,8,36,40.63426588,-8.66018008,5,20,0,0,0,1
15,8,37,40.63426588,-8.66018008,5,20,0,0,0,1
15,8,37,40.63426588,-8.66018008,5,20,0,0,0,1
15,8,37,40.63426588,-8.66018008,5,20,0,0,0,1
15,8,38,40.63426588,-8.66018008,5,20,0,0,0,1
15,8,38,40.63426588,-8.66018008,5,20,0,0,0,1
15,8,38,40.63426588,-8.66018008,5,20,0,0,0,1
15,8,39,40.63426588,-8.66018008,5,20,0,0,0,1
15,8,39,40.63426588,-8.66018008,5,20,0,0,0,1
15,8,39,40.63426588,-8.66018008,5,21,0,0,0,1
15,8,40,40.63426588,-8.66018008,5,21,0,0,0,1
15,8,40,40.63426588,-8.66018008,5,21,0,0,0,1
15,8,40,40.63426588,-8.66018008,5,21,0,0,0,1
15,8,41,40.63426588,-8.66018008,5,21,0,0,0,1
15,8,41,40.63426588,-8.66018008,5,21,0,0,0,1
15,8,41,40.63426588,-8.66018008,5,21,0,0,0,1
15,8,42,40.63426588,-8.66018008,5,21,0,0,0,1
15,8,42,40.63426588,-8.66018008,5,21,0,0,0,1
15,8,42,40.63426588,-8.66018008,5,21,0,0,0,1
15,8,43,40.63426588,-8.66018008,5,21,0,0,0,1
15,8,43,40.63426588,-8.66018008,5,21,0,0,0,1
15,8,43,40.63426588,-8.66018008,5,21,0,0,0,1
15,8,44,40.63426588,-8.66018008,5,22,0,0,0,1
15,8,44,40.63426588,-8.66018008,5,22,0,0,0,1
15,8,44,40.63426588,-8.66018008,5,22,0,0,0,1
15,8,45,40.63426588,-8.66018008,5,22,0,0,0,1
15,8,45,40.63426588,-8.66018008,5,22,0,0,0,1
15,8,45,40.63426588,-8.66018008,5,22,0,0,0,1
15,8,46,40.63426588,-8.66018008,5,22,0,0,0,1
15,8,46,40.63426588,-8.66018008,5,22,0,0,0,1
15,8,46,40.63426588,-8.66018008,5,22,0,0,0,1
15,8,47,40.63426588,-8.66018008,5,22,0,0,0,1
15,8,47,40.63426588,-8.66018008,5,22,0,0,0,1
15,8,47,40.63426588,-8.66018104,5,22,0,0,0,1
15,8,48,40.63426588,-8.66018104,5,22,0,0,0,1
15,8,48,40.63426588,-8.66018104,5,22,0,0,0,1
15,8,48,40.63426588,-8.66018104,5,22,0,0,0,1
15,8,49,40.63426588,-8.66018104,5,23,0,0,0,1
15,8,49,40.63426588,-8.66018104,5,23,0,0,0,1
15,8,49,40.63426588,-8.66018104,5,23,0,0,0,1
15,8,50,40.63426588,-8.66018104,5,23,0,0,0,1
15,8,50,40.63426588,-8.66018104,5,23,0,0,0,1
15,8,50,40.63426588,-8.66018104,5,23,0,0,0,1
15,8,51,40.63426588,-8.66018104,5,23,0,0,0,1
15,8,51,40.63426588,-8.66018104,5,23,0,0,0,1
15,8,51,40.63426588,-8.66018104,5,23,0,0,0,1
15,8,52,40.63426588,-8.66018104,5,23,0,0,0,1
15,8,52,40.63426588,-8.66018104,5,23,0,0,0,1
15,8,52,40.63426588,-8.66018104,5,23,0,0,0,1
15,8,53,40.63426588,-8.66018104,5,23,0,0,0,1
15,8,53,40.63426588,-8.66018104,5,24,0,0,0,1
15,8,53,40.63426588,-8.66018104,5,24,0,0,0,1
15,8,54,40.63426588,-8.66018104,5,24,0,0,0,1
15,8,54,40.63426588,-8.66018104,5,24,0,0,0,1
15,8,54,40.63426588,-8.66018104,5,24,0,0,0,1
15,8,55,40.63426588,-8.66018104,5,24,0,0,0,1
15,8,55,40.63426588,-8.66018104,5,24,0,0,0,1
15,8,55,40.63426588,-8.66018104,5,24,0,0,0,1
15,8,56,40.63426588,-8.66018104,5,24,0,0,0,1
15,8,56,40.63426588,-8.66018104,5,24,0,0,0,1
15,8,56,40.63426588,-8.66018104,5,24,0,0,0,1
15,8,57,40.63426588,-8.66018104,5,24,0,0,0,1
15,8,57,40.63426588,-8.66018104,5,24,0,0,0,1
15,8,57,40.63426588,-8.66018104,5,24,0,0,0,1
15,8,58,40.63426588,-8.66018104,5,24,0,0,0,1
15,8,58,40.63426588,-8.66018104,5,24,0,0,0,1
15,8,58,40.63426588,-8.66018104,5,24,0,0,0,1
15,8,59,40.63426588,-8.66018104,5,24,0,0,0,1
15,8,59,40.63426588,-8.66018104,5,24,0,0,0,1
15,8,59,40.63426588,-8.66018104,5,24,0,0,0,1
15,9,0,40.63426588,-8.66018104,5,24,0,0,0,1
15,9,0,40.63426588,-8.66018104,5,24,0,0,0,1
15,9,0,40.63426588,-8.66018104,5,24,0,0,0,1
15,9,1,40.63426588,-8.66018104,5,24,0,0,0,1
15,9,1,40.63426588,-8.66018104,5,25,0,0,0,1
15,9,1,40.63426588,-8.66018104,5,25,0,0,0,1
15,9,2,40.63426588,-8.66018104,5,25,0,0,0,1
15,9,2,40.63426588,-8.66018104,5,25,0,0,0,1
15,9,2,40.63426588,-8.66018104,5,25,0,0,0,1
15,9,3,40.63426588,-8.66018104,5,25,0,0,0,1
15,9,3,40.63426588,-8.66018104,5,25,0,0,0,1
15,9,3,40.63426588,-8.66018104,5,25,0,0,0,1
15,9,4,40.63426588,-8.66018104,5,25,0,0,0,1
15,9,4,40.63426588,-8.66018104,5,25,0,0,0,1
15,9,4,40.63426588,-8.66018104,5,25,0,0,0,1
15,9,5,40.63426588,-8.66018104,5,25,0,0,0,1
15,9,5,40.63426588,-8.66018104,5,25,0,0,0,1
15,9,5,40.63426588,-8.66018008,5,25,0,0,0,1
15,9,6,40.63426588,-8.66018008,5,25,0,0,0,1
15,9,6,40.63426588,-8.66018008,5,25,0,0,0,1
15,9,6,40.63426588,-8.66018008,5,25,0,0,0,1
15,9,7,40.63426588,-8.66018008,5,25,0,0,0,1
15,9,7,40.63426588,-8.66018008,5,25,0,0,0,1
15,9,7,40.63426588,-8.66018008,5,25,0,0,0,1
15,9,8,40.63426588,-8.66018008,5,25,0,0,0,1
15,9,8,40.63426588,-8.66018008,5,25,0,0,0,1
15,9,8,40.63426588,-8.66018008,5,25,0,0,0,1
15,9,9,40.63426588,-8.66018008,5,25,0,0,0,1
15,9,9,40.63426588,-8.66018008,5,25,0,0,0,1
15,9,9,40.63426588,-8.66018008,5,26,0,0,0,1
15,9,10,40.63426588,-8.66018008,5,26,0,0,0,1
15,9,10,40.63426588,-8.66018008,5,26,0,0,0,1
15,9,10,40.63426588,-8.66018008,5,26,0,0,0,1
15,9,11,40.63426588,-8.66018008,5,26,0,0,0,1
15,9,11,40.63426588,-8.66018008,5,26,0,0,0,1
15,9,11,40.63426588,-8.66018008,5,26,0,0,0,1
15,9,12,40.63426588,-8.66018008,5,26,0,0,0,1
15,9,12,40.63426588,-8.66018008,5,26,0,0,0,1
15,9,12,40.63426588,-8.66018008,5,26,0,0,0,1
15,9,13,40.63426588,-8.66018008,5,26,0,0,0,1
15,9,13,40.63426588,-8.66018008,5,26,0,0,0,1
15,9,13,40.63426588,-8.66018008,5,26,0,0,0,1
15,9,14,40.63426588,-8.66018008,5,26,0,0,0,1
15,9,14,40.63426588,-8.66018008,5,26,0,0,0,1
15,9,14,40.63426588,-8.66018008,5,26,0,0,0,1
15,9,15,40.63426588,-8.66018008,5,26,0,0,0,1
15,9,15,40.63426588,-8.66018008,5,26,0,0,0,1
15,9,15,40.63426588,-8.66018008,5,26,0,0,0,1
15,9,16,40.63426588,-8.66018104,5,27,0,0,0,1
15,9,16,40.63426588,-8.66018008,5,27,0,0,0,1
15,9,16,40.63426588,-8.66018008,5,27,0,0,0,1
15,9,17,40.63426588,-8.66018104,5,27,0,0,0,1
15,9,17,40.63426588,-8.66018008,5,27,0,0,0,1
15,9,17,40.63426588,-8.66018104,5,27,0,0,0,1
15,9,18,40.63426588,-8.66018104,5,27,0,0,0,1
15,9,18,40.63426588,-8.66018104,5,27,0,0,0,1
15,9,19,40.63426588,-8.66018104,5,28,0,0,0,1
15,9,19,40.63426588,-8.66018104,5,28,0,0,0,1
15,9,19,40.63426588,-8.66018104,5,28,0,0,0,1
15,9,20,40.63426588,-8.66018104,5,28,0,0,0,1
15,9,20,40.63426588,-8.66018104,5,28,0,0,0,1
15,9,20,40.63426588,-8.66018104,5,28,0,0,0,1
15,9,21,40.63426588,-8.66018104,5,28,0,0,0,1
15,9,21,40.63426588,-8.66018104,5,28,0,0,0,1
15,9,21,40.63426588,-8.66018104,5,28,0,0,0,1
15,9,22,40.63426588,-8.66018104,5,29,0,0,0,1
15,9,22,40.63426588,-8.66018104,5,29,0,0,0,1
15,9,22,40.63426588,-8.66018104,5,29,0,0,0,1
15,9,23,40.63426588,-8.66018104,5,29,0,0,0,1
15,9,23,40.63426588,-8.66018104,5,29,0,0,0,1
15,9,23,40.63426588,-8.66018104,5,29,0,0,0,1
15,9,24,40.63426588,-8.66018104,5,29,0,0,0,1
15,9,24,40.63426588,-8.66018104,5,29,0,0,0,1
15,9,24,40.63426588,-8.66018104,5,29,0,0,0,1
15,9,25,40.63426588,-8.66018104,5,29,0,0,0,1
15,9,25,40.63426588,-8.66018104,5,29,0,0,0,1
15,9,25,40.63426588,-8.66018104,5,29,0,0,0,1
15,9,26,40.63426588,-8.66018104,5,29,0,0,0,1
15,9,26,40.63426588,-8.66018104,5,29,0,0,0,1
15,9,26,40.63426588,-8.66018104,5,29,0,0,0,1
15,9,27,40.63426588,-8.66018104,5,29,0,0,0,1
15,9,27,40.63426588,-8.66018104,5,29,0,0,0,1
15,9,27,40.63426588,-8.66018104,4,30,0,0,0,1
15,9,28,40.63426588,-8.66018104,4,30,0,0,0,1
15,9,28,40.63426588,-8.66018104,4,30,0,0,0,1
15,9,28,40.63426588,-8.66018104,4,30,0,0,0,1
15,9,29,40.63426588,-8.66018104,4,31,0,0,0,1
15,9,29,40.63426588,-8.66018104,4,31,0,0,0,1
15,9,29,40.63426588,-8.66018104,4,31,0,0,0,1
15,9,30,40.63426588,-8.66018104,4,31,0,0,0,1
15,9,30,40.63426588,-8.66018104,4,31,0,0,0,1
15,9,30,40.63426588,-8.66018104,4,100,0,0,0,1
15,9,31,40.63426588,-8.66018104,4,100,0,0,0,1
15,9,31,40.63426588,-8.66018104,4,100,0,0,0,1
15,9,31,40.63426588,-8.66018104,4,100,0,0,0,1
15,9,32,40.63426588,-8.66018104,4,100,0,0,0,1
15,9,32,40.63426588,-8.66018104,4,100,0,0,0,1
15,9,32,40.63426588,-8.66018104,4,100,0,0,0,1
15,9,33,40.63426588,-8.66018104,4,100,0,0,0,1
15,9,33,40.63426588,-8.66018104,4,100,0,0,0,1
15,9,33,40.63426588,-8.66018104,4,100,0,0,0,1
15,9,34,40.63426588,-8.66018104,4,100,0,0,0,1
15,9,34,40.63426588,-8.66018104,4,100,0,0,0,1
15,9,34,40.63426588,-8.66018104,4,100,0,0,0,1
15,9,35,40.63426588,-8.66018104,4,100,0,0,0,1
15,9,35,40.63426588,-8.66018104,4,100,0,0,0,1
15,9,35,40.63426588,-8.66018104,4,100,0,0,0,1
15,9,36,40.63426588,-8.66018104,4,100,0,0,0,1
15,9,36,40.63426588,-8.66018104,4,100,0,0,0,1
15,9,36,40.63426588,-8.66018104,4,100,0,0,0,1
15,9,37,40.63426588,-8.66018104,4,100,0,0,0,1
15,9,37,40.63426588,-8.66018104,4,100,0,0,0,1
15,9,37,40.63426588,-8.66018104,4,100,0,0,0,1
15,9,38,40.63426588,-8.66018104,4,100,0,0,0,1
15,9,38,40.63426588,-8.66018104,4,100,0,0,0,1
15,9,38,40.63426588,-8.66018104,4,100,0,0,0,1
15,9,39,40.63426588,-8.66018104,4,100,0,0,0,1
15,9,39,40.63426588,-8.66018104,4,100,0,0,0,1
15,9,39,40.63426588,-8.66018104,4,100,0,0,0,1
15,9,40,40.63426588,-8.66018104,4,100,0,0,0,1
15,9,40,40.63426588,-8.66018104,4,100,0,0,0,1
15,9,40,40.63426588,-8.66018104,4,100,0,0,0,1
15,9,41,40.63426588,-8.66018104,4,100,0,0,0,1
15,9,41,40.63426588,-8.66018104,4,100,0,0,0,1
15,9,41,40.63426588,-8.66018104,4,100,0,0,0,1
15,9,42,40.63426588,-8.66018104,4,100,0,0,0,1
15,9,42,40.63426588,-8.66018104,4,100,0,0,0,1
15,9,42,40.63426588,-8.66018104,4,100,0,0,0,1
15,9,43,40.63426588,-8.66018104,4,100,0,0,0,1
15,9,43,40.63426588,-8.66018104,4,100,0,0,0,1
15,9,43,40.63426588,-8.66018104,4,100,0,0,0,1
15,9,44,40.63426588,-8.66018104,4,100,0,0,0,1
15,9,44,40.63426588,-8.66018104,4,100,0,0,0,1
15,9,44,40.63426588,-8.66018104,4,100,0,0,0,1
15,9,45,40.63426588,-8.66018104,4,100,0,0,0,1
15,9,45,40.63426588,-8.66018104,4,100,0,0,0,1
15,9,45,40.63426588,-8.66018104,4,100,0,0,0,1
15,9,46,40.63426588,-8.66018104,4,100,0,0,0,1
15,9,46,40.63426588,-8.66018104,4,100,0,0,0,1
15,9,46,40.63426588,-8.66018104,4,100,0,0,0,1
15,9,47,40.63426588,-8.66018104,4,100,0,0,0,1
15,9,47,40.63426588,-8.66018104,4,100,0,0,0,1
15,9,47,40.63426588,-8.66018104,4,100,0,0,0,1
15,9,48,40.63426588,-8.66018104,4,100,0,0,0,1
15,9,48,40.63426588,-8.66018104,4,100,0,0,0,1
15,9,48,40.63426588,-8.66018104,4,100,0,0,0,1
15,9,49,40.63426588,-8.66018104,4,100,0,0,0,1
15,9,49,40.63426588,-8.66018104,4,100,0,0,0,1
15,9,49,40.63426588,-8.66018104,4,100,0,0,0,1
15,9,50,40.63426588,-8.66018104,4,100,0,0,0,1
15,9,50,40.63426588,-8.66018104,4,100,0,0,0,1
15,9,50,40.63426588,-8.66018104,4,100,0,0,0,1
15,9,51,40.63426588,-8.66018104,4,100,0,0,0,1
15,9,51,40.63426588,-8.66018104,4,100,0,0,0,1
15,9,51,40.63426588,-8.66018104,4,100,0,0,0,1
15,9,52,40.63426588,-8.66018104,4,100,0,0,0,1
15,9,52,40.63426588,-8.66018104,4,100,0,0,0,1
15,9,52,40.63426588,-8.66018104,4,100,0,0,0,1
15,9,53,40.63426588,-8.66018104,4,100,0,0,0,1
15,9,53,40.63426588,-8.66018104,4,100,0,0,0,1
15,9,54,40.63426588,-8.66018104,4,100,0,0,0,1
15,9,54,40.63426588,-8.66018104,4,100,0,0,0,1
15,9,54,40.63426588,-8.66018104,4,100,0,0,0,1
15,9,55,40.63426588,-8.66018104,4,100,0,0,0,1
15,9,55,40.63426588,-8.66018104,4,100,0,0,0,1
15,9,55,40.63426588,-8.66018104,4,100,0,0,0,1
15,9,56,40.63426588,-8.66018104,4,100,0,0,0,1
15,9,56,40.63426588,-8.66018104,4,100,0,0,0,1
15,9,56,40.63426588,-8.66018104,4,100,0,0,0,1
15,9,57,40.63426588,-8.66018104,4,100,0,0,0,1
15,9,57,40.63426588,-8.66018104,4,100,0,0,0,1
15,9,57,40.63426588,-8.66018104,4,100,0,0,0,1
15,9,58,40.63426588,-8.66018104,4,100,0,0,0,1
15,9,58,40.63426588,-8.66018104,4,100,0,0,0,1
15,9,58,40.63426588,-8.66018104,4,100,0,0,0,1
15,9,59,40.63426588,-8.66018104,4,100,0,0,0,1
15,9,59,40.63426588,-8.66018104,4,100,0,0,0,1
15,9,59,40.63426588,-8.66018104,4,100,0,0,0,1
15,10,0,40.63426588,-8.66018104,4,100,0,0,0,1
15,10,0,40.63426588,-8.66018104,4,100,0,0,0,1
15,10,0,40.63426588,-8.66018104,4,100,0,0,0,1
15,10,1,40.63426588,-8.66018104,4,100,0,0,0,1
15,10,1,40.63426588,-8.66018104,4,100,0,0,0,1
15,10,1,40.63426588,-8.66018104,4,100,0,0,0,1
15,10,2,40.63426588,-8.66018104,4,100,0,0,0,1
15,10,2,40.63426588,-8.66018104,4,100,0,0,0,1
15,10,2,40.63426588,-8.66018104,4,100,0,0,0,1
15,10,3,40.63426588,-8.66018104,4,100,0,0,0,1
15,10,3,40.63426588,-8.66018104,4,100,0,0,0,1
15,10,3,40.63426588,-8.66018104,4,100,0,0,0,1
15,10,4,40.63426588,-8.66018104,4,100,0,0,0,1
15,10,4,40.63426588,-8.66018104,4,100,0,0,0,1
15,10,4,40.63426588,-8.66018104,4,100,0,0,0,1
15,10,5,40.63426588,-8.66018104,4,100,0,0,0,1
15,10,5,40.63426588,-8.66018104,4,100,0,0,0,1
15,10,5,40.63426588,-8.66018104,4,100,0,0,0,1
15,10,6,40.63426588,-8.66018104,4,100,0,0,0,1
15,10,6,40.63426588,-8.66018104,4,100,0,0,0,1
15,10,6,40.63426588,-8.66018104,4,100,0,0,0,1
15,10,7,40.63426588,-8.66018104,4,100,0,0,0,1
15,10,7,40.63426588,-8.66018104,4,100,0,0,0,1
15,10,7,40.63426588,-8.66018104,4,100,0,0,0,1
15,10,8,40.63426588,-8.66018104,4,100,0,0,0,1
15,10,8,40.63426588,-8.66018104,4,100,0,0,0,1
15,10,8,40.63426588,-8.66018104,4,100,0,0,0,1
15,10,9,40.63426588,-8.66018104,4,100,0,0,0,1
15,10,9,40.63426588,-8.66018104,4,100,0,0,0,1
15,10,9,40.63426588,-8.66018104,4,100,0,0,0,1
15,10,10,40.63426588,-8.66018104,4,100,0,0,0,1
15,10,10,40.63426588,-8.66018104,4,100,0,0,0,1
15,10,10,40.63426588,-8.66018104,4,100,0,0,0,1
15,10,11,40.63426588,-8.66018104,4,100,0,0,0,1
15,10,11,40.63426588,-8.66018104,4,100,0,0,0,1
15,10,11,40.63426588,-8.66018104,4,100,0,0,0,1
15,10,12,40.63426588,-8.66018104,4,100,0,0,0,1
15,10,12,40.63426588,-8.66018104,4,100,0,0,0,1
15,10,12,40.63426588,-8.66018104,4,100,0,0,0,1
15,10,13,40.63426588,-8.66018104,4,100,0,0,0,1
15,10,13,40.63426588,-8.66018104,4,100,0,0,0,1
15,10,13,40.63426588,-8.66018104,4,100,0,0,0,1
15,10,14,40.63426588,-8.66018104,4,100,0,0,0,1
15,10,14,40.63426588,-8.66018104,4,100,0,0,0,1
15,10,14,40.63426588,-8.66018104,4,100,0,0,0,1
15,10,15,40.63426588,-8.66018104,4,100,0,0,0,1
15,10,15,40.63426588,-8.66018104,4,100,0,0,0,1
15,10,15,40.63426588,-8.66018104,4,100,0,0,0,1
15,10,16,40.63426588,-8.66018104,4,100,0,0,0,1
15,10,16,40.63426588,-8.66018104,4,100,0,0,0,1
15,10,16,40.63426588,-8.66018104,4,100,0,0,0,1
15,10,17,40.63426588,-8.66018104,4,100,0,0,0,1
15,10,17,40.63426588,-8.66018104,4,100,0,0,0,1
15,10,17,40.63426588,-8.66018104,4,100,0,0,0,1
15,10,18,40.63426588,-8.66018104,4,100,0,0,0,1
15,10,18,40.63426588,-8.66018104,4,100,0,0,0,1
15,10,18,40.63426588,-8.66018104,4,100,0,0,0,1
15,10,19,40.63426588,-8.66018104,4,100,0,0,0,1
15,10,19,40.63426588,-8.66018104,4,100,0,0,0,1
15,10,19,40.63426588,-8.66018104,4,100,0,0,0,1
15,10,20,40.63426588,-8.66018104,4,100,0,0,0,1
15,10,20,40.63426588,-8.66018104,4,100,0,0,0,1
15,10,20,40.63426588,-8.66018104,4,100,0,0,0,1
15,10,21,40.63426588,-8.66018104,4,100,0,0,0,1
15,10,21,40.63426588,-8.66018104,4,100,0,0,0,1
15,10,21,40.63426588,-8.66018104,4,100,0,0,0,1
15,10,22,40.63426588,-8.66018104,4,100,0,0,0,1
15,10,22,40.63426588,-8.66018104,4,100,0,0,0,1
