12,56,29,40.63429260,-8.66016292,2,0,0,0,0,1
12,56,30,40.63430024,-8.66015436,2,0,0,0,0,1
12,56,30,40.63430404,-8.66014768,2,0,0,0,0,1
12,56,30,40.63431168,-8.66014288,2,0,0,0,0,1
12,56,31,40.63431168,-8.66013624,2,0,0,0,0,1
12,56,31,40.63431168,-8.66013240,2,0,0,0,0,1
12,56,31,40.63431932,-8.66012956,2,0,0,0,0,1
12,56,32,40.63431932,-8.66012476,2,0,0,0,0,1
12,56,32,40.63432312,-8.66012384,2,0,0,0,0,1
12,56,32,40.63432312,-8.66012096,2,0,0,0,0,1
12,56,33,40.63432312,-8.66011904,2,0,0,0,0,1
12,56,33,40.63432312,-8.66011904,2,0,0,0,0,1
12,56,33,40.63432312,-8.66011620,2,0,0,0,0,1
12,56,34,40.63432312,-8.66011524,2,0,0,0,0,1
12,56,34,40.63432692,-8.66011524,2,0,0,0,0,1
12,56,34,40.63432692,-8.66011428,2,0,0,0,0,1
12,56,35,40.63432692,-8.66011240,2,0,0,0,0,1
12,56,35,40.63432692,-8.66011240,2,0,0,0,0,1
12,56,35,40.63432692,-8.66011240,2,0,0,0,0,1
12,56,36,40.63432692,-8.66011240,2,0,0,0,0,1
12,56,36,40.63433076,-8.66014956,5,0,0,0,0,1
12,56,36,40.63432692,-8.66014672,5,0,0,0,0,1
12,56,37,40.63432692,-8.66014672,5,29,0,0,0,1
12,56,37,40.63432692,-8.66014672,5,29,0,0,0,1
12,56,37,40.63432692,-8.66014004,5,14,0,0,0,1
12,56,38,40.63432692,-8.66014004,5,14,0,0,0,1
12,56,38,40.63432312,-8.66013624,5,14,0,0,0,1
12,56,38,40.63432692,-8.66013812,5,14,0,0,0,1
12,56,39,40.63432692,-8.66013812,5,14,0,0,0,1
12,56,39,40.63432692,-8.66013908,5,14,0,0,0,1
12,56,39,40.63432692,-8.66014004,5,14,0,0,0,1
12,56,40,40.63432692,-8.66014004,5,14,0,0,0,1
12,56,40,40.63432692,-8.66014004,5,11,0,0,0,1
12,56,40,40.63432692,-8.66014196,5,11,0,0,0,1
12,56,41,40.63432692,-8.66014196,5,16,0,0,0,1
12,56,41,40.63432692,-8.66014196,5,16,0,0,0,1
12,56,41,40.63432692,-8.66014288,5,16,0,0,0,1
12,56,42,40.63432692,-8.66014288,5,16,0,0,0,1
12,56,42,40.63432692,-8.66014384,5,24,0,0,0,1
12,56,42,40.63432692,-8.66014480,5,24,0,0,0,1
12,56,43,40.63432692,-8.66014480,5,24,0,0,0,1
12,56,43,40.63432692,-8.66014768,5,11,0,0,0,1
12,56,43,40.63432692,-8.66014768,5,11,0,0,0,1
12,56,44,40.63432692,-8.66014768,5,10,0,0,0,1
12,56,44,40.63432692,-8.66014768,5,10,0,0,0,1
12,56,44,40.63432312,-8.66014956,5,10,0,0,0,1
12,56,45,40.63432312,-8.66014956,5,10,0,0,0,1
12,56,45,40.63432312,-8.66014956,5,11,0,0,0,1
12,56,45,40.63432312,-8.66015148,5,11,0,0,0,1
12,56,46,40.63432312,-8.66015148,5,11,0,0,0,1
12,56,46,40.63432312,-8.66015148,5,11,0,0,0,1
12,56,46,40.63431932,-8.66015148,5,11,0,0,0,1
12,56,47,40.63431932,-8.66015148,5,11,0,0,0,1
12,56,47,40.63431932,-8.66015148,5,11,0,0,0,1
12,56,47,40.63431168,-8.66015148,5,11,0,0,0,1
12,56,48,40.63431168,-8.66015148,5,11,0,0,0,1
12,56,48,40.63431168,-8.66015148,5,18,0,0,0,1
12,56,48,40.63431168,-8.66015148,5,18,0,0,0,1
12,56,49,40.63431168,-8.66015148,5,18,0,0,0,1
12,56,49,40.63431168,-8.66014956,5,10,0,0,0,1
12,56,49,40.63431168,-8.66014768,5,10,0,0,0,1
12,56,50,40.63431168,-8.66014768,5,20,0,0,0,1
12,56,50,40.63430404,-8.66014672,5,20,0,0,0,1
12,56,50,40.63430404,-8.66014768,5,20,0,0,0,1
12,56,51,40.63430404,-8.66014768,5,27,0,0,0,1
12,56,51,40.63430024,-8.66014768,5,24,0,0,0,1
12,56,51,40.63430024,-8.66014672,5,18,0,0,0,1
12,56,52,40.63430024,-8.66014672,5,18,0,0,0,1
12,56,52,40.63430024,-8.66014672,5,16,0,0,0,1
12,56,52,40.63429260,-8.66014672,5,16,0,0,0,1
12,56,53,40.63429260,-8.66014672,5,13,0,0,0,1
12,56,53,40.63429260,-8.66014672,5,13,0,0,0,1
12,56,53,40.63429260,-8.66014672,5,13,0,0,0,1
12,56,54,40.63429260,-8.66014672,5,13,0,0,0,1
12,56,54,40.63428880,-8.66014672,5,13,0,0,0,1
12,56,54,40.63428880,-8.66014672,5,13,0,0,0,1
12,56,55,40.63428880,-8.66014480,5,13,0,0,0,1
12,56,55,40.63428880,-8.66014480,5,13,0,0,0,1
12,56,55,40.63428880,-8.66014480,5,13,0,0,0,1
12,56,56,40.63428880,-8.66014480,5,11,0,0,0,1
12,56,56,40.63428880,-8.66014480,5,11,0,0,0,1
12,56,56,40.63428880,-8.66014480,5,11,0,0,0,1
12,56,57,40.63428880,-8.66014480,5,10,0,0,0,1
12,56,57,40.63428880,-8.66014384,5,10,0,0,0,1
12,56,57,40.63428880,-8.66014384,5,10,0,0,0,1
12,56,58,40.63428880,-8.66014384,5,10,0,0,0,1
12,56,58,40.63428880,-8.66014384,5,10,0,0,0,1
12,56,58,40.63428880,-8.66014288,5,10,0,0,0,1
12,56,59,40.63428880,-8.66014288,5,10,0,0,0,1
12,56,59,40.63428880,-8.66014288,5,10,0,0,0,1
12,56,59,40.63428496,-8.66014288,5,10,0,0,0,1
12,57,0,40.63428496,-8.66014288,5,10,0,0,0,1
12,57,0,40.63428496,-8.66014196,5,10,0,0,0,1
12,57,0,40.63428496,-8.66014196,5,10,0,0,0,1
12,57,1,40.63428496,-8.66014196,5,10,0,0,0,1
12,57,1,40.63428496,-8.66014004,5,10,0,0,0,1
12,57,1,40.63428496,-8.66013908,5,10,0,0,0,1
12,57,2,40.63428496,-8.66013908,5,10,0,0,0,1
12,57,2,40.63428496,-8.66013812,5,11,0,0,0,1
12,57,2,40.63428496,-8.66013812,5,11,0,0,0,1
12,57,3,40.63428496,-8.66013812,5,11,0,0,0,1
12,57,3,40.63428496,-8.66013812,5,11,0,0,0,1
12,57,3,40.63428496,-8.66013624,5,11,0,0,0,1
12,57,4,40.63428496,-8.66013624,5,10,0,0,0,1
12,57,4,40.63428496,-8.66013624,5,10,0,0,0,1
12,57,4,40.63428496,-8.66013624,5,10,0,0,0,1
12,57,5,40.63428496,-8.66013624,5,10,0,0,0,1
12,57,5,40.63428116,-8.66013624,5,10,0,0,0,1
12,57,5,40.63428116,-8.66013624,5,10,0,0,0,1
12,57,6,40.63428116,-8.66013624,5,10,0,0,0,1
12,57,6,40.63428116,-8.66013624,5,10,0,0,0,1
12,57,6,40.63428116,-8.66013624,5,10,0,0,0,1
12,57,7,40.63428116,-8.66013624,5,10,0,0,0,1
12,57,7,40.63428116,-8.66013624,5,10,0,0,0,1
12,57,7,40.63428116,-8.66013624,5,10,0,0,0,1
12,57,8,40.63428116,-8.66013624,5,12,0,0,0,1
12,57,8,40.63428116,-8.66013624,5,12,0,0,0,1
12,57,8,40.63428116,-8.66013624,5,12,0,0,0,1
12,57,9,40.63428116,-8.66013624,5,13,0,0,0,1
12,57,9,40.63428116,-8.66013624,5,13,0,0,0,1
12,57,9,40.63428116,-8.66013624,5,13,0,0,0,1
12,57,10,40.63428116,-8.66013624,5,15,0,0,0,1
12,57,10,40.63428116,-8.66013624,5,15,0,0,0,1
12,57,10,40.63428116,-8.66013624,5,15,0,0,0,1
12,57,11,40.63428116,-8.66013624,5,16,0,0,0,1
12,57,11,40.63428116,-8.66013624,5,16,0,0,0,1
12,57,11,40.63428116,-8.66013624,5,16,0,0,0,1
12,57,12,40.63428116,-8.66013624,5,16,0,0,0,1
12,57,12,40.63427352,-8.66013624,5,16,0,0,0,1
12,57,13,40.63427352,-8.66013624,5,16,0,0,0,1
12,57,13,40.63427352,-8.66013624,5,13,0,0,0,1
12,57,13,40.63427352,-8.66013624,5,13,0,0,0,1
12,57,14,40.63427352,-8.66013624,5,11,0,0,0,1
12,57,14,40.63427352,-8.66013624,5,11,0,0,0,1
12,57,14,40.63427352,-8.66013812,5,11,0,0,0,1
12,57,15,40.63427352,-8.66013812,5,11,0,0,0,1
12,57,15,40.63427352,-8.66013812,5,10,0,0,0,1
12,57,15,40.63427352,-8.66013812,5,10,0,0,0,1
12,57,16,40.63427352,-8.66013812,5,10,0,0,0,1
12,57,16,40.63427352,-8.66013812,5,10,0,0,0,1
12,57,16,40.63427352,-8.66013812,5,10,0,0,0,1
12,57,17,40.63427352,-8.66013812,5,12,0,0,0,1
12,57,17,40.63427352,-8.66013812,5,12,0,0,0,1
12,57,17,40.63427352,-8.66013812,5,12,0,0,0,1
12,57,18,40.63427352,-8.66013812,5,12,0,0,0,1
12,57,18,40.63427352,-8.66013812,5,15,0,0,0,1
12,57,18,40.63427352,-8.66013812,5,15,0,0,0,1
12,57,19,40.63427352,-8.66013812,5,10,0,0,0,1
12,57,19,40.63427352,-8.66013812,5,19,0,0,0,1
12,57,19,40.63427352,-8.66013812,5,19,0,0,0,1
12,57,20,40.63427352,-8.66013812,5,20,0,0,0,1
12,57,20,40.63427352,-8.66013812,5,21,0,0,0,1
12,57,20,40.63427352,-8.66013812,5,21,0,0,0,1
12,57,21,40.63427352,-8.66013812,5,21,0,0,0,1
12,57,21,40.63427352,-8.66013812,5,21,0,0,0,1
12,57,21,40.63427352,-8.66013812,5,21,0,0,0,1
12,57,22,40.63427352,-8.66013812,5,21,0,0,0,1
12,57,22,40.63427352,-8.66013812,5,21,0,0,0,1
12,57,22,40.63427352,-8.66013812,5,21,0,0,0,1
12,57,23,40.63427352,-8.66013812,5,21,0,0,0,1
12,57,23,40.63427352,-8.66013812,5,21,0,0,0,1
12,57,23,40.63427352,-8.66013812,5,21,0,0,0,1
12,57,24,40.63427352,-8.66013812,5,21,0,0,0,1
12,57,24,40.63427352,-8.66013908,5,21,0,0,0,1
12,57,24,40.63427352,-8.66013908,5,21,0,0,0,1
12,57,25,40.63427352,-8.66013908,5,21,0,0,0,1
12,57,25,40.63427352,-8.66013908,5,21,0,0,0,1
12,57,25,40.63427352,-8.66013908,5,21,0,0,0,1
12,57,26,40.63427352,-8.66013908,5,21,0,0,0,1
12,57,26,40.63427352,-8.66013908,5,21,0,0,0,1
12,57,26,40.63427352,-8.66013908,5,21,0,0,0,1
12,57,27,40.63427352,-8.66013908,5,21,0,0,0,1
12,57,27,40.63427352,-8.66013908,5,21,0,0,0,1
12,57,27,40.63427352,-8.66013908,5,21,0,0,0,1
12,57,28,40.63427352,-8.66013908,5,21,0,0,0,1
12,57,28,40.63426972,-8.66013908,5,21,0,0,0,1
12,57,28,40.63427352,-8.66013908,5,21,0,0,0,1
12,57,29,40.63426972,-8.66013908,5,21,0,0,0,1
12,57,29,40.63426972,-8.66013908,5,21,0,0,0,1
12,57,29,40.63426972,-8.66013908,5,21,0,0,0,1
12,57,30,40.63426972,-8.66013908,5,21,0,0,0,1
12,57,30,40.63426972,-8.66013908,5,22,0,0,0,1
12,57,30,40.63426972,-8.66013908,5,22,0,0,0,1
12,57,31,40.63426972,-8.66013908,5,22,0,0,0,1
12,57,31,40.63426972,-8.66013812,5,22,0,0,0,1
12,57,31,40.63426972,-8.66013812,5,22,0,0,0,1
12,57,32,40.63426972,-8.66013812,5,22,0,0,0,1
12,57,32,40.63426972,-8.66013812,5,22,0,0,0,1
12,57,32,40.63426972,-8.66013812,5,22,0,0,0,1
12,57,33,40.63426972,-8.66013812,5,22,0,0,0,1
12,57,33,40.63426972,-8.66013812,5,22,0,0,0,1
12,57,33,40.63426972,-8.66013812,5,22,0,0,0,1
12,57,34,40.63426972,-8.66013812,5,22,0,0,0,1
12,57,34,40.63426972,-8.66013812,5,22,0,0,0,1
12,57,34,40.63426972,-8.66013812,5,22,0,0,0,1
12,57,35,40.63426972,-8.66013812,5,23,0,0,0,1
12,57,35,40.63426972,-8.66013812,5,23,0,0,0,1
12,57,35,40.63426972,-8.66013812,5,23,0,0,0,1
12,57,36,40.63426972,-8.66013812,5,23,0,0,0,1
12,57,36,40.63426972,-8.66013812,5,24,0,0,0,1
12,57,36,40.63426972,-8.66013812,5,24,0,0,0,1
12,57,37,40.63426972,-8.66013812,5,25,0,0,0,1
12,57,37,40.63426972,-8.66013812,5,25,0,0,0,1
12,57,37,40.63426972,-8.66013812,5,25,0,0,0,1
12,57,38,40.63426972,-8.66013812,5,25,0,0,0,1
12,57,38,40.63426972,-8.66013812,5,26,0,0,0,1
12,57,38,40.63426972,-8.66013812,5,26,0,0,0,1
12,57,39,40.63426972,-8.66013812,5,26,0,0,0,1
12,57,39,40.63426972,-8.66013812,5,26,0,0,0,1
12,57,39,40.63426972,-8.66013812,5,26,0,0,0,1
12,57,40,40.63426972,-8.66013812,5,26,0,0,0,1
12,57,40,40.63426972,-8.66013812,5,26,0,0,0,1
12,57,40,40.63426972,-8.66013908,5,26,0,0,0,1
12,57,41,40.63426972,-8.66013908,5,26,0,0,0,1
12,57,41,40.63426972,-8.66013908,5,26,0,0,0,1
12,57,41,40.63426972,-8.66013908,5,26,0,0,0,1
12,57,42,40.63426972,-8.66013908,5,26,0,0,0,1
12,57,42,40.63426972,-8.66013908,5,26,0,0,0,1
12,57,42,40.63426972,-8.66013908,5,26,0,0,0,1
12,57,43,40.63426972,-8.66013908,5,27,0,0,0,1
12,57,43,40.63426972,-8.66013908,5,27,0,0,0,1
12,57,43,40.63426972,-8.66013908,5,27,0,0,0,1
12,57,44,40.63426972,-8.66013908,5,28,0,0,0,1
12,57,44,40.63426972,-8.66014004,5,28,0,0,0,1
12,57,44,40.63426972,-8.66014004,5,28,0,0,0,1
12,57,45,40.63426972,-8.66014004,5,28,0,0,0,1
12,57,45,40.63426972,-8.66014004,5,29,0,0,0,1
12,57,45,40.63426972,-8.66014004,5,29,0,0,0,1
12,57,46,40.63426972,-8.66014004,5,29,0,0,0,1
12,57,46,40.63426972,-8.66014004,5,29,0,0,0,1
12,57,46,40.63426588,-8.66014288,5,29,0,0,0,1
12,57,47,40.63426588,-8.66014288,5,29,0,0,0,1
12,57,47,40.63426588,-8.66014288,5,29,0,0,0,1
12,57,47,40.63426588,-8.66014288,5,29,0,0,0,1
12,57,48,40.63426588,-8.66014288,5,29,0,0,0,1
12,57,48,40.63426588,-8.66014288,5,29,0,0,0,1
12,57,48,40.63426588,-8.66014288,4,33,0,0,0,1
12,57,49,40.63426588,-8.66014288,4,33,0,0,0,1
12,57,49,40.63426588,-8.66014288,4,33,0,0,0,1
12,57,49,40.63426588,-8.66014288,4,33,0,0,0,1
12,57,50,40.63426588,-8.66014288,4,34,0,0,0,1
12,57,50,40.63426588,-8.66014288,4,35,0,0,0,1
12,57,50,40.63426588,-8.66014288,4,35,0,0,0,1
12,57,51,40.63426588,-8.66014288,4,35,0,0,0,1
12,57,51,40.63426588,-8.66014288,4,36,0,0,0,1
12,57,51,40.63426588,-8.66014288,4,100,0,0,0,1
12,57,52,40.63426588,-8.66014288,4,100,0,0,0,1
12,57,52,40.63426588,-8.66014288,4,100,0,0,0,1
12,57,52,40.63426588,-8.66014288,4,100,0,0,0,1
12,57,53,40.63426588,-8.66014288,4,100,0,0,0,1
12,57,53,40.63426588,-8.66014288,4,100,0,0,0,1
12,57,53,40.63426588,-8.66014288,4,100,0,0,0,1
12,57,54,40.63426588,-8.66014288,4,100,0,0,0,1
12,57,54,40.63426588,-8.66014288,4,100,0,0,0,1
12,57,54,40.63426588,-8.66014288,4,100,0,0,0,1
12,57,55,40.63426588,-8.66014288,4,100,0,0,0,1
12,57,55,40.63426588,-8.66014288,4,100,0,0,0,1
12,57,55,40.63426588,-8.66014288,4,100,0,0,0,1
12,57,56,40.63426588,-8.66014288,4,100,0,0,0,1
12,57,56,40.63426588,-8.66014288,4,100,0,0,0,1
12,57,56,40.63426588,-8.66014288,4,100,0,0,0,1
12,57,57,40.63426588,-8.66014288,4,100,0,0,0,1
12,57,57,40.63426588,-8.66014288,4,100,0,0,0,1
12,57,57,40.63426588,-8.66014288,4,100,0,0,0,1
12,57,58,40.63426588,-8.66014288,4,100,0,0,0,1
12,57,58,40.63426588,-8.66014288,4,100,0,0,0,1
12,57,58,40.63426588,-8.66014288,4,100,0,0,0,1
12,57,59,40.63426588,-8.66014288,4,100,0,0,0,1
12,57,59,40.63426588,-8.66014288,4,100,0,0,0,1
12,57,59,40.63426588,-8.66014288,4,100,0,0,0,1
12,58,0,40.63426588,-8.66014288,4,100,0,0,0,1
12,58,0,40.63426588,-8.66014288,4,100,0,0,0,1
12,58,0,40.63426588,-8.66014288,4,100,0,0,0,1
12,58,1,40.63426588,-8.66014288,4,100,0,0,0,1
12,58,1,40.63426588,-8.66014288,4,100,0,0,0,1
12,58,1,40.63426588,-8.66014288,4,100,0,0,0,1
12,58,2,40.63426588,-8.66014288,4,100,0,0,0,1
12,58,2,40.63426588,-8.66014288,4,100,0,0,0,1
12,58,2,40.63426588,-8.66014288,4,100,0,0,0,1
12,58,3,40.63426588,-8.66014288,4,100,0,0,0,1
12,58,3,40.63426588,-8.66014288,4,100,0,0,0,1
12,58,3,40.63426588,-8.66014288,4,100,0,0,0,1
12,58,4,40.63426588,-8.66014288,4,100,0,0,0,1
12,58,4,40.63426588,-8.66014288,4,100,0,0,0,1
12,58,4,40.63426588,-8.66014288,4,100,0,0,0,1
12,58,5,40.63426588,-8.66014288,4,100,0,0,0,1
12,58,5,40.63426588,-8.66014288,4,100,0,0,0,1
12,58,5,40.63426588,-8.66014288,4,100,0,0,0,1
12,58,6,40.63426588,-8.66014288,4,100,0,0,0,1
12,58,6,40.63426588,-8.66014288,4,100,0,0,0,1
12,58,6,40.63426588,-8.66014288,4,100,0,0,0,1
12,58,7,40.63426588,-8.66014288,4,100,0,0,0,1
12,58,7,40.63426588,-8.66014288,4,100,0,0,0,1
12,58,7,40.63426588,-8.66014288,4,100,0,0,0,1
12,58,8,40.63426588,-8.66014288,4,100,0,0,0,1
12,58,8,40.63426588,-8.66014288,4,100,0,0,0,1
12,58,8,40.63426588,-8.66014288,4,100,0,0,0,1
12,58,9,40.63426588,-8.66014288,4,100,0,0,0,1
12,58,9,40.63426588,-8.66014288,4,100,0,0,0,1
12,58,9,40.63426588,-8.66014288,4,100,0,0,0,1
12,58,10,40.63426588,-8.66014288,4,100,0,0,0,1
12,58,10,40.63426588,-8.66014288,4,100,0,0,0,1
12,58,10,40.63426588,-8.66014288,4,100,0,0,0,1
12,58,11,40.63426588,-8.66014288,4,100,0,0,0,1
12,58,11,40.63426588,-8.66014288,4,100,0,0,0,1
12,58,11,40.63426588,-8.66014288,4,100,0,0,0,1
12,58,12,40.63426588,-8.66014288,4,100,0,0,0,1
12,58,12,40.63426588,-8.66014288,4,100,0,0,0,1
12,58,12,40.63426588,-8.66014288,4,100,0,0,0,1
12,58,13,40.63426588,-8.66014288,4,100,0,0,0,1
12,58,13,40.63426588,-8.66014288,4,100,0,0,0,1
12,58,13,40.63426588,-8.66014288,4,100,0,0,0,1
12,58,14,40.63426588,-8.66014288,4,100,0,0,0,1
12,58,14,40.63426588,-8.66014288,4,100,0,0,0,1
12,58,14,40.63426588,-8.66014288,4,100,0,0,0,1
12,58,15,40.63426588,-8.66014288,4,100,0,0,0,1
12,58,15,40.63426588,-8.66014288,4,100,0,0,0,1
12,58,15,40.63426588,-8.66014288,4,100,0,0,0,1
12,58,16,40.63426588,-8.66014288,4,100,0,0,0,1
12,58,16,40.63426588,-8.66014288,4,100,0,0,0,1
12,58,16,40.63426588,-8.66014288,4,100,0,0,0,1
12,58,17,40.63426588,-8.66014288,4,100,0,0,0,1
12,58,17,40.63426588,-8.66014288,4,100,0,0,0,1
12,58,17,40.63426588,-8.66014288,4,100,0,0,0,1
12,58,18,40.63426588,-8.66014288,4,100,0,0,0,1
12,58,18,40.63426588,-8.66014288,4,100,0,0,0,1
12,58,18,40.63426588,-8.66014288,4,100,0,0,0,1
12,58,19,40.63426588,-8.66014288,4,100,0,0,0,1
12,58,19,40.63426588,-8.66014288,4,100,0,0,0,1
12,58,19,40.63426588,-8.66014288,4,100,0,0,0,1
12,58,20,40.63426588,-8.66014288,4,100,0,0,0,1
12,58,20,40.63426588,-8.66014288,4,100,0,0,0,1
12,58,20,40.63426588,-8.66014288,4,100,0,0,0,1
12,58,21,40.63426588,-8.66014288,4,100,0,0,0,1
12,58,21,40.63426588,-8.66014288,4,100,0,0,0,1
12,58,21,40.63426588,-8.66014288,4,100,0,0,0,1
12,58,22,40.63426588,-8.66014288,4,100,0,0,0,1
12,58,22,40.63426588,-8.66014288,4,100,0,0,0,1
12,58,22,40.63426588,-8.66014288,4,100,0,0,0,1
12,58,23,40.63426588,-8.66014288,4,100,0,0,0,1
12,58,23,40.63426588,-8.66014288,4,100,0,0,0,1
12,58,23,40.63426588,-8.66014288,4,100,0,0,0,1
12,58,24,40.63426588,-8.66014288,4,100,0,0,0,1
12,58,24,40.63426588,-8.66014288,4,100,0,0,0,1
12,58,24,40.63426588,-8.66014288,4,100,0,0,0,1
12,58,25,40.63426588,-8.66014288,4,100,0,0,0,1
12,58,25,40.63426588,-8.66014288,4,100,0,0,0,1
12,58,25,40.63426588,-8.66014288,4,100,0,0,0,1
12,58,26,40.63426588,-8.66014288,4,100,0,0,0,1
12,58,26,40.63426588,-8.66014288,4,100,0,0,0,1
12,58,26,40.63426588,-8.66014288,4,100,0,0,0,1
12,58,27,40.63426588,-8.66014288,4,100,0,0,0,1
12,58,27,40.63426588,-8.66014288,4,100,0,0,0,1
12,58,27,40.63426588,-8.66014288,4,100,0,0,0,1
12,58,28,40.63426588,-8.66014288,4,100,0,0,0,1
12,58,28,40.63426588,-8.66014288,4,100,0,0,0,1
12,58,28,40.63426588,-8.66014288,4,100,0,0,0,1
12,58,29,40.63426588,-8.66014288,4,100,0,0,0,1
12,58,29,40.63426588,-8.66014288,4,100,0,0,0,1
12,58,29,40.63426588,-8.66014288,4,100,0,0,0,1
12,58,30,40.63426588,-8.66014288,4,100,0,0,0,1
12,58,30,40.63426588,-8.66014288,4,100,0,0,0,1
12,58,30,40.63426588,-8.66014288,4,100,0,0,0,1
12,58,31,40.63426588,-8.66014288,4,100,0,0,0,1
12,58,31,40.63426588,-8.66014288,4,100,0,0,0,1
12,58,31,40.63426588,-8.66014288,4,100,0,0,0,1
12,58,32,40.63426588,-8.66014288,4,100,0,0,0,1
12,58,32,40.63426588,-8.66014288,4,100,0,0,0,1
12,58,32,40.63426588,-8.66014288,4,100,0,0,0,1
12,58,33,40.63426588,-8.66014288,4,100,0,0,0,1
12,58,33,40.63426588,-8.66014288,4,100,0,0,0,1
12,58,33,40.63426588,-8.66014288,4,100,0,0,0,1
12,58,34,40.63426588,-8.66014288,4,100,0,0,0,1
12,58,34,40.63426588,-8.66014288,4,100,0,0,0,1
12,58,34,40.63426588,-8.66014288,4,100,0,0,0,1
12,58,35,40.63426588,-8.66014288,4,100,0,0,0,1
12,58,35,40.63426588,-8.66014288,4,100,0,0,0,1
12,58,35,40.63426588,-8.66014288,4,100,0,0,0,1
12,58,36,40.63426588,-8.66014288,4,100,0,0,0,1
12,58,36,40.63426588,-8.66014288,4,100,0,0,0,1
12,58,36,40.63426588,-8.66014288,4,100,0,0,0,1
12,58,37,40.63426588,-8.66014288,4,100,0,0,0,1
12,58,37,40.63426588,-8.66014288,4,100,0,0,0,1
12,58,37,40.63426588,-8.66014288,4,100,0,0,0,1
12,58,38,40.63426588,-8.66014288,4,100,0,0,0,1
12,58,38,40.63426588,-8.66014288,4,100,0,0,0,1
12,58,38,40.63426588,-8.66014288,4,100,0,0,0,1
12,58,39,40.63426588,-8.66014288,4,100,0,0,0,1
12,58,39,40.63426588,-8.66014288,4,100,0,0,0,1
12,58,39,40.63426588,-8.66014288,4,100,0,0,0,1
12,58,40,40.63426588,-8.66014288,4,100,0,0,0,1
12,58,40,40.63426588,-8.66014288,4,100,0,0,0,1
12,58,40,40.63426588,-8.66014288,4,100,0,0,0,1
12,58,41,40.63426588,-8.66014288,4,100,0,0,0,1
12,58,41,40.63426588,-8.66014288,4,100,0,0,0,1
12,58,41,40.63426588,-8.66014288,4,100,0,0,0,1
12,58,42,40.63426588,-8.66014288,4,100,0,0,0,1
12,58,42,40.63426588,-8.66014288,4,100,0,0,0,1
12,58,42,40.63426588,-8.66014288,4,100,0,0,0,1
12,58,43,40.63426588,-8.66014288,4,100,0,0,0,1
12,58,43,40.63426588,-8.66014288,4,100,0,0,0,1
12,58,43,40.63426588,-8.66014288,4,100,0,0,0,1
12,58,44,40.63426588,-8.66014288,4,100,0,0,0,1
12,58,44,40.63426588,-8.66014288,4,100,0,0,0,1
12,58,44,40.63426588,-8.66014288,4,100,0,0,0,1
12,58,45,40.63426588,-8.66014288,4,100,0,0,0,1
12,58,45,40.63426588,-8.66014288,4,100,0,0,0,1
12,58,45,40.63426588,-8.66014288,4,100,0,0,0,1
12,58,46,40.63426588,-8.66014288,4,100,0,0,0,1
12,58,46,40.63426588,-8.66014288,4,100,0,0,0,1
12,58,46,40.63426588,-8.66014288,4,100,0,0,0,1
12,58,47,40.63426588,-8.66014288,4,100,0,0,0,1
12,58,47,40.63426588,-8.66014288,4,100,0,0,0,1
12,58,47,40.63426588,-8.66014288,4,100,0,0,0,1
12,58,48,40.63426588,-8.66014288,4,100,0,0,0,1
12,58,48,40.63426588,-8.66014288,4,100,0,0,0,1
12,58,48,40.63426588,-8.66014288,4,100,0,0,0,1
12,58,49,40.63426588,-8.66014288,4,100,0,0,0,1
12,58,49,40.63426588,-8.66014288,4,100,0,0,0,1
12,58,49,40.63426588,-8.66014288,4,100,0,0,0,1
12,58,50,40.63426588,-8.66014288,4,100,0,0,0,1
12,58,50,40.63426588,-8.66014288,4,100,0,0,0,1
12,58,50,40.63426588,-8.66014288,4,100,0,0,0,1
12,58,51,40.63426588,-8.66014288,4,100,0,0,0,1
12,58,51,40.63426588,-8.66014288,4,100,0,0,0,1
12,58,51,40.63426588,-8.66014288,4,100,0,0,0,1
12,58,52,40.63426588,-8.66014288,4,100,0,0,0,1
12,58,52,40.63426588,-8.66014288,4,100,0,0,0,1
12,58,52,40.63426588,-8.66014288,4,100,0,0,0,1
12,58,53,40.63426588,-8.66014288,4,100,0,0,0,1
12,58,53,40.63426588,-8.66014288,4,100,0,0,0,1
12,58,53,40.63426588,-8.66014288,4,100,0,0,0,1
12,58,54,40.63426588,-8.66014288,4,100,0,0,0,1
12,58,54,40.63426588,-8.66014288,4,100,0,0,0,1
12,58,54,40.63426588,-8.66014288,4,100,0,0,0,1
12,58,55,40.63426588,-8.66014288,4,100,0,0,0,1
12,58,55,40.63426588,-8.66014288,4,100,0,0,0,1
12,58,55,40.63426588,-8.66014288,4,100,0,0,0,1
12,58,56,40.63426588,-8.66014288,4,100,0,0,0,1
12,58,56,40.63426588,-8.66014288,4,100,0,0,0,1
12,58,56,40.63426588,-8.66014288,4,100,0,0,0,1
12,58,57,40.63426588,-8.66014288,4,100,0,0,0,1
12,58,57,40.63426588,-8.66014288,4,100,0,0,0,1
12,58,57,40.63426588,-8.66014288,4,100,0,0,0,1
12,58,58,40.63426588,-8.66014288,4,100,0,0,0,1
12,58,58,40.63426588,-8.66014288,4,100,0,0,0,1
12,58,58,40.63426588,-8.66014288,4,100,0,0,0,1
12,58,59,40.63426588,-8.66014288,4,100,0,0,0,1
12,58,59,40.63426588,-8.66014288,4,100,0,0,0,1
12,58,59,40.63426588,-8.66014288,4,100,0,0,0,1
12,59,0,40.63426588,-8.66014288,4,100,0,0,0,1
12,59,0,40.63426588,-8.66014288,4,100,0,0,0,1
12,59,0,40.63426588,-8.66014288,4,100,0,0,0,1
12,59,1,40.63426588,-8.66014288,4,100,0,0,0,1
12,59,1,40.63426588,-8.66014288,4,100,0,0,0,1
12,59,1,40.63426588,-8.66014288,4,100,0,0,0,1
12,59,2,40.63426588,-8.66014288,4,100,0,0,0,1
12,59,2,40.63426588,-8.66014288,4,100,0,0,0,1
12,59,2,40.63426588,-8.66014288,4,100,0,0,0,1
12,59,3,40.63426588,-8.66014288,4,100,0,0,0,1
12,59,3,40.63426588,-8.66014288,4,100,0,0,0,1
12,59,3,40.63426588,-8.66014288,4,100,0,0,0,1
12,59,4,40.63426588,-8.66014288,4,100,0,0,0,1
12,59,4,40.63426588,-8.66014288,4,100,0,0,0,1
12,59,4,40.63426588,-8.66014288,4,100,0,0,0,1
12,59,5,40.63426588,-8.66014288,4,100,0,0,0,1
12,59,5,40.63426588,-8.66014288,4,100,0,0,0,1
12,59,5,40.63426588,-8.66014288,4,100,0,0,0,1
12,59,6,40.63426588,-8.66014288,4,100,0,0,0,1
12,59,6,40.63426588,-8.66014288,4,100,0,0,0,1
12,59,6,40.63426588,-8.66014288,4,100,0,0,0,1
12,59,7,40.63426588,-8.66014288,4,100,0,0,0,1
12,59,7,40.63426588,-8.66014288,4,100,0,0,0,1
12,59,7,40.63426588,-8.66014288,4,100,0,0,0,1
12,59,8,40.63426588,-8.66014288,4,100,0,0,0,1
12,59,8,40.63426588,-8.66014288,4,100,0,0,0,1
12,59,8,40.63426588,-8.66014288,4,100,0,0,0,1
12,59,9,40.63426588,-8.66014288,4,100,0,0,0,1
12,59,9,40.63426588,-8.66014288,4,100,0,0,0,1
12,59,9,40.63426588,-8.66014288,4,100,0,0,0,1
12,59,10,40.63426588,-8.66014288,4,100,0,0,0,1
12,59,10,40.63426588,-8.66014288,4,100,0,0,0,1
12,59,10,40.63426588,-8.66014288,4,100,0,0,0,1
12,59,11,40.63426588,-8.66014288,4,100,0,0,0,1
12,59,11,40.63426588,-8.66014288,4,100,0,0,0,1
12,59,11,40.63426588,-8.66014288,4,100,0,0,0,1
12,59,12,40.63426588,-8.66014288,4,100,0,0,0,1
12,59,12,40.63426588,-8.66014288,4,100,0,0,0,1
12,59,12,40.63426588,-8.66014288,4,100,0,0,0,1
12,59,13,40.63426588,-8.66014288,4,100,0,0,0,1
12,59,13,40.63426588,-8.66014288,4,100,0,0,0,1
12,59,13,40.63426588,-8.66014288,4,100,0,0,0,1
12,59,14,40.63426588,-8.66014288,4,100,0,0,0,1
12,59,14,40.63426588,-8.66014288,4,100,0,0,0,1
12,59,14,40.63426588,-8.66014288,4,100,0,0,0,1
12,59,15,40.63426588,-8.66014288,4,100,0,0,0,1
12,59,15,40.63426588,-8.66014288,4,100,0,0,0,1
12,59,15,40.63426588,-8.66014288,4,100,0,0,0,1
12,59,16,40.63426588,-8.66014288,4,100,0,0,0,1
12,59,16,40.63426588,-8.66014288,4,100,0,0,0,1
12,59,16,40.63426588,-8.66014288,4,100,0,0,0,1
12,59,17,40.63426588,-8.66014288,4,100,0,0,0,1
12,59,17,40.63426588,-8.66014288,4,100,0,0,0,1
12,59,17,40.63426588,-8.66014288,4,100,0,0,0,1
12,59,18,40.63426588,-8.66014288,4,100,0,0,0,1
12,59,18,40.63426588,-8.66014288,4,100,0,0,0,1
12,59,18,40.63426588,-8.66014288,4,100,0,0,0,1
12,59,19,40.63426588,-8.66014288,4,100,0,0,0,1
12,59,19,40.63426588,-8.66014288,4,100,0,0,0,1
12,59,19,40.63426588,-8.66014288,4,100,0,0,0,1
12,59,20,40.63426588,-8.66014288,4,100,0,0,0,1
12,59,20,40.63426588,-8.66014288,4,100,0,0,0,1
12,59,20,40.63426588,-8.66014288,4,100,0,0,0,1
12,59,21,40.63426588,-8.66014288,4,100,0,0,0,1
12,59,21,40.63426588,-8.66014288,4,100,0,0,0,1
12,59,21,40.63426588,-8.66014288,4,100,0,0,0,1
12,59,22,40.63426588,-8.66014288,4,100,0,0,0,1
12,59,22,40.63426588,-8.66014288,4,100,0,0,0,1
12,59,22,40.63426588,-8.66014288,4,100,0,0,0,1
12,59,23,40.63426588,-8.66014288,4,100,0,0,0,1
12,59,23,40.63426588,-8.66014288,4,100,0,0,0,1
12,59,23,40.63426588,-8.66014288,4,100,0,0,0,1
12,59,24,40.63426588,-8.66014288,4,100,0,0,0,1
12,59,24,40.63426588,-8.66014288,4,100,0,0,0,1
12,59,24,40.63426588,-8.66014288,4,100,0,0,0,1
12,59,25,40.63426588,-8.66014288,4,100,0,0,0,1
12,59,25,40.63426588,-8.66014288,4,100,0,0,0,1
12,59,25,40.63426588,-8.66014288,4,100,0,0,0,1
12,59,26,40.63426588,-8.66014288,4,100,0,0,0,1
12,59,26,40.63426588,-8.66014288,4,100,0,0,0,1
12,59,26,40.63426588,-8.66014288,4,100,0,0,0,1
12,59,27,40.63426588,-8.66014288,4,100,0,0,0,1
12,59,27,40.63426588,-8.66014288,4,100,0,0,0,1
12,59,27,40.63426588,-8.66014288,4,100,0,0,0,1
12,59,28,40.63426588,-8.66014288,4,100,0,0,0,1
12,59,28,40.63426588,-8.66014288,4,100,0,0,0,1
12,59,28,40.63426588,-8.66014288,4,100,0,0,0,1
12,59,29,40.63426588,-8.66014288,4,100,0,0,0,1
12,59,29,40.63426588,-8.66014288,4,100,0,0,0,1
12,59,29,40.63426588,-8.66014288,4,100,0,0,0,1
12,59,30,40.63426588,-8.66014288,4,100,0,0,0,1
12,59,30,40.63426588,-8.66014288,4,100,0,0,0,1
12,59,30,40.63426588,-8.66014288,4,100,0,0,0,1
12,59,31,40.63426588,-8.66014288,4,100,0,0,0,1
12,59,31,40.63426588,-8.66014288,4,100,0,0,0,1
12,59,31,40.63426588,-8.66014288,4,100,0,0,0,1
12,59,32,40.63426588,-8.66014288,4,100,0,0,0,1
12,59,32,40.63426588,-8.66014288,4,100,0,0,0,1
12,59,32,40.63426588,-8.66014288,4,100,0,0,0,1
12,59,33,40.63426588,-8.66014288,4,100,0,0,0,1
12,59,33,40.63426588,-8.66014288,4,100,0,0,0,1
12,59,33,40.63426588,-8.66014288,4,100,0,0,0,1
12,59,34,40.63426588,-8.66014288,4,100,0,0,0,1
12,59,34,40.63426588,-8.66014288,4,100,0,0,0,1
12,59,34,40.63426588,-8.66014288,4,100,0,0,0,1
12,59,35,40.63426588,-8.66014288,4,100,0,0,0,1
12,59,35,40.63426588,-8.66014288,4,100,0,0,0,1
12,59,35,40.63426588,-8.66014288,4,100,0,0,0,1
12,59,36,40.63426588,-8.66014288,4,100,0,0,0,1
12,59,36,40.63426588,-8.66014288,4,100,0,0,0,1
12,59,36,40.63426588,-8.66014288,4,100,0,0,0,1
12,59,37,40.63426588,-8.66014288,4,100,0,0,0,1
12,59,37,40.63426588,-8.66014288,4,100,0,0,0,1
12,59,37,40.63426588,-8.66014288,4,100,0,0,0,1
12,59,38,40.63426588,-8.66014288,4,100,0,0,0,1
12,59,38,40.63426588,-8.66014288,4,100,0,0,0,1
12,59,38,40.63426588,-8.66014288,4,100,0,0,0,1
12,59,39,40.63426588,-8.66014288,4,100,0,0,0,1
12,59,39,40.63426588,-8.66014288,4,100,0,0,0,1
12,59,39,40.63426588,-8.66014288,4,100,0,0,0,1
12,59,40,40.63426588,-8.66014288,4,100,0,0,0,1
12,59,40,40.63426588,-8.66014288,4,100,0,0,0,1
12,59,40,40.63426588,-8.66014288,4,100,0,0,0,1
12,59,41,40.63426588,-8.66014288,4,100,0,0,0,1
12,59,41,40.63426588,-8.66014288,4,100,0,0,0,1
12,59,41,40.63426588,-8.66014288,4,100,0,0,0,1
12,59,42,40.63426588,-8.66014288,4,100,0,0,0,1
12,59,42,40.63426588,-8.66014288,4,100,0,0,0,1
12,59,42,40.63426588,-8.66014288,4,100,0,0,0,1
12,59,43,40.63426588,-8.66014288,4,100,0,0,0,1
12,59,43,40.63426588,-8.66014288,4,100,0,0,0,1
12,59,43,40.63426588,-8.66014288,4,100,0,0,0,1
12,59,44,40.63426588,-8.66014288,4,100,0,0,0,1
12,59,44,40.63426588,-8.66014288,4,100,0,0,0,1
12,59,44,40.63426588,-8.66014288,4,100,0,0,0,1
12,59,45,40.63426588,-8.66014288,4,100,0,0,0,1
12,59,45,40.63426588,-8.66014288,4,100,0,0,0,1
12,59,45,40.63426588,-8.66014288,4,100,0,0,0,1
12,59,46,40.63426588,-8.66014288,4,100,0,0,0,1
12,59,46,40.63426588,-8.66014288,4,100,0,0,0,1
12,59,46,40.63426588,-8.66014288,4,100,0,0,0,1
12,59,47,40.63426588,-8.66014288,4,100,0,0,0,1
12,59,47,40.63426588,-8.66014288,4,100,0,0,0,1
12,59,47,40.63426588,-8.66014288,4,100,0,0,0,1
12,59,48,40.63426588,-8.66014288,4,100,0,0,0,1
12,59,48,40.63426588,-8.66014288,4,100,0,0,0,1
12,59,48,40.63426588,-8.66014288,4,100,0,0,0,1
12,59,49,40.63426588,-8.66014288,4,100,0,0,0,1
12,59,49,40.63426588,-8.66014288,4,100,0,0,0,1
12,59,49,40.63426588,-8.66014288,4,100,0,0,0,1
12,59,50,40.63426588,-8.66014288,4,100,0,0,0,1
12,59,50,40.63426588,-8.66014288,4,100,0,0,0,1
12,59,50,40.63426588,-8.66014288,4,100,0,0,0,1
12,59,51,40.63426588,-8.66014288,4,100,0,0,0,1
12,59,51,40.63426588,-8.66014288,4,100,0,0,0,1
12,59,51,40.63426588,-8.66014288,4,100,0,0,0,1
12,59,52,40.63426588,-8.66014288,4,100,0,0,0,1
12,59,52,40.63426588,-8.66014288,4,100,0,0,0,1
12,59,53,40.63426588,-8.66014288,4,100,0,0,0,1
12,59,53,40.63426588,-8.66014288,4,100,0,0,0,1
12,59,53,40.63426588,-8.66014288,4,100,0,0,0,1
12,59,54,40.63426588,-8.66014288,4,100,0,0,0,1
12,59,54,40.63426588,-8.66014288,4,100,0,0,0,1
12,59,54,40.63426588,-8.66014288,4,100,0,0,0,1
12,59,55,40.63426588,-8.66014288,4,100,0,0,0,1
12,59,55,40.63426588,-8.66014288,4,100,0,0,0,1
12,59,55,40.63426588,-8.66014288,4,100,0,0,0,1
12,59,56,40.63426588,-8.66014288,4,100,0,0,0,1
12,59,56,40.63426588,-8.66014288,4,100,0,0,0,1
12,59,56,40.63426588,-8.66014288,4,100,0,0,0,1
12,59,57,40.63426588,-8.66014288,4,100,0,0,0,1
12,59,57,40.63426588,-8.66014288,4,100,0,0,0,1
12,59,57,40.63426588,-8.66014288,4,100,0,0,0,1
12,59,58,40.63426588,-8.66014288,4,100,0,0,0,1
12,59,58,40.63426588,-8.66014288,4,100,0,0,0,1
12,59,58,40.63426588,-8.66014288,4,100,0,0,0,1
12,59,59,40.63426588,-8.66014288,4,100,0,0,0,1
12,59,59,40.63426588,-8.66014288,4,100,0,0,0,1
12,59,59,40.63426588,-8.66014288,4,100,0,0,0,1
13,0,0,40.63426588,-8.66014288,4,100,0,0,0,1
13,0,0,40.63426588,-8.66014288,4,100,0,0,0,1
13,0,0,40.63426588,-8.66014288,4,100,0,0,0,1
13,0,1,40.63426588,-8.66014288,4,100,0,0,0,1
13,0,1,40.63426588,-8.66014288,4,100,0,0,0,1
13,0,1,40.63426588,-8.66014288,4,100,0,0,0,1
13,0,2,40.63426588,-8.66014288,4,100,0,0,0,1
13,0,2,40.63426588,-8.66014288,4,100,0,0,0,1
13,0,2,40.63426588,-8.66014288,4,100,0,0,0,1
13,0,3,40.63426588,-8.66014288,4,100,0,0,0,1
13,0,3,40.63426588,-8.66014288,4,100,0,0,0,1
13,0,3,40.63426588,-8.66014288,4,100,0,0,0,1
13,0,4,40.63426588,-8.66014288,4,100,0,0,0,1
13,0,4,40.63426588,-8.66014288,4,100,0,0,0,1
13,0,4,40.63426588,-8.66014288,4,100,0,0,0,1
13,0,5,40.63426588,-8.66014288,4,100,0,0,0,1
13,0,5,40.63426588,-8.66014288,4,100,0,0,0,1
13,0,5,40.63426588,-8.66014288,4,100,0,0,0,1
13,0,6,40.63426588,-8.66014288,4,100,0,0,0,1
13,0,6,40.63426588,-8.66014288,4,100,0,0,0,1
13,0,6,40.63426588,-8.66014288,4,100,0,0,0,1
13,0,7,40.63426588,-8.66014288,4,100,0,0,0,1
13,0,7,40.63426588,-8.66014288,4,100,0,0,0,1
13,0,7,40.63426588,-8.66014288,4,100,0,0,0,1
13,0,8,40.63426588,-8.66014288,4,100,0,0,0,1
13,0,8,40.63426588,-8.66014288,4,100,0,0,0,1
13,0,8,40.63426588,-8.66014288,4,100,0,0,0,1
13,0,9,40.63426588,-8.66014288,4,100,0,0,0,1
13,0,9,40.63426588,-8.66014288,4,100,0,0,0,1
13,0,9,40.63426588,-8.66014288,4,100,0,0,0,1
13,0,10,40.63426588,-8.66014288,4,100,0,0,0,1
13,0,10,40.63426588,-8.66014288,4,100,0,0,0,1
13,0,10,40.63426588,-8.66014288,4,100,0,0,0,1
13,0,11,40.63426588,-8.66014288,4,100,0,0,0,1
13,0,11,40.63426588,-8.66014288,4,100,0,0,0,1
13,0,11,40.63426588,-8.66014288,4,100,0,0,0,1
13,0,12,40.63426588,-8.66014288,4,100,0,0,0,1
13,0,12,40.63426588,-8.66014288,4,100,0,0,0,1
13,0,12,40.63426588,-8.66014288,4,100,0,0,0,1
13,0,13,40.63426588,-8.66014288,4,100,0,0,0,1
13,0,13,40.63426588,-8.66014288,4,100,0,0,0,1
13,0,13,40.63426588,-8.66014288,4,100,0,0,0,1
13,0,14,40.63426588,-8.66014288,4,100,0,0,0,1
13,0,14,40.63426588,-8.66014288,4,100,0,0,0,1
13,0,14,40.63426588,-8.66014288,4,100,0,0,0,1
13,0,15,40.63426588,-8.66014288,4,100,0,0,0,1
13,0,15,40.63426588,-8.66014288,4,100,0,0,0,1
13,0,15,40.63426588,-8.66014288,4,100,0,0,0,1
13,0,16,40.63426588,-8.66014288,4,100,0,0,0,1
13,0,16,40.63426588,-8.66014288,4,100,0,0,0,1
13,0,16,40.63426588,-8.66014288,4,100,0,0,0,1
13,0,17,40.63426588,-8.66014288,4,100,0,0,0,1
13,0,17,40.63426588,-8.66014288,4,100,0,0,0,1
13,0,17,40.63426588,-8.66014288,4,100,0,0,0,1
13,0,18,40.63426588,-8.66014288,4,100,0,0,0,1
13,0,18,40.63426588,-8.66014288,4,100,0,0,0,1
13,0,18,40.63426588,-8.66014288,4,100,0,0,0,1
13,0,19,40.63426588,-8.66014288,4,100,0,0,0,1
13,0,19,40.63426588,-8.66014288,4,100,0,0,0,1
13,0,19,40.63426588,-8.66014288,4,100,0,0,0,1
13,0,20,40.63426588,-8.66014288,4,100,0,0,0,1
13,0,20,40.63426588,-8.66014288,4,100,0,0,0,1
13,0,20,40.63426588,-8.66014288,4,100,0,0,0,1
13,0,21,40.63426588,-8.66014288,4,100,0,0,0,1
13,0,21,40.63426588,-8.66014288,4,100,0,0,0,1
13,0,21,40.63426588,-8.66014288,4,100,0,0,0,1
13,0,22,40.63426588,-8.66014288,4,100,0,0,0,1
13,0,22,40.63426588,-8.66014288,4,100,0,0,0,1
13,0,22,40.63426588,-8.66014288,4,100,0,0,0,1
13,0,23,40.63426588,-8.66014288,4,100,0,0,0,1
13,0,23,40.63426588,-8.66014288,4,100,0,0,0,1
13,0,24,40.63426588,-8.66014288,4,100,0,0,0,1
13,0,24,40.63426588,-8.66014288,4,100,0,0,0,1
13,0,24,40.63426588,-8.66014288,4,100,0,0,0,1
13,0,25,40.63426588,-8.66014288,4,100,0,0,0,1
13,0,25,40.63426588,-8.66014288,4,100,0,0,0,1
13,0,25,40.63426588,-8.66014288,4,100,0,0,0,1
13,0,26,40.63426588,-8.66014288,4,100,0,0,0,1
13,0,26,40.63426588,-8.66014288,4,100,0,0,0,1
13,0,27,40.63426588,-8.66014288,4,100,0,0,0,1
13,0,27,40.63426588,-8.66014288,4,100,0,0,0,1
13,0,27,40.63426588,-8.66014288,4,100,0,0,0,1
13,0,28,40.63426588,-8.66014288,4,100,0,0,0,1
13,0,28,40.63426588,-8.66014288,4,100,0,0,0,1
13,0,28,40.63426588,-8.66014288,4,100,0,0,0,1
13,0,29,40.63426588,-8.66014288,4,100,0,0,0,1
13,0,29,40.63426588,-8.66014288,4,100,0,0,0,1
13,0,29,40.63426588,-8.66014288,4,100,0,0,0,1
13,0,30,40.63426588,-8.66014288,4,100,0,0,0,1
13,0,30,40.63426588,-8.66014288,4,100,0,0,0,1
13,0,30,40.63426588,-8.66014288,4,100,0,0,0,1
13,0,31,40.63426588,-8.66014288,4,100,0,0,0,1
13,0,31,40.63426588,-8.66014288,4,100,0,0,0,1
13,0,31,40.63426588,-8.66014288,4,100,0,0,0,1
13,0,32,40.63426588,-8.66014288,4,100,0,0,0,1
13,0,32,40.63426588,-8.66014288,4,100,0,0,0,1
13,0,32,40.63426588,-8.66014288,4,100,0,0,0,1
13,0,33,40.63426588,-8.66014288,4,100,0,0,0,1
13,0,33,40.63426588,-8.66014288,4,100,0,0,0,1
13,0,33,40.63426588,-8.66014288,4,100,0,0,0,1
13,0,34,40.63426588,-8.66014288,4,100,0,0,0,1
13,0,34,40.63426588,-8.66014288,4,100,0,0,0,1
13,0,34,40.63426588,-8.66014288,4,100,0,0,0,1
13,0,35,40.63426588,-8.66014288,4,100,0,0,0,1
13,0,35,40.63426588,-8.66014288,4,100,0,0,0,1
13,0,35,40.63426588,-8.66014288,4,100,0,0,0,1
13,0,36,40.63426588,-8.66014288,4,100,0,0,0,1
13,0,36,40.63426588,-8.66014288,4,100,0,0,0,1
13,0,36,40.63426588,-8.66014288,4,100,0,0,0,1
13,0,37,40.63426588,-8.66014288,4,100,0,0,0,1
13,0,37,40.63426588,-8.66014288,4,100,0,0,0,1
13,0,37,40.63426588,-8.66014288,4,100,0,0,0,1
13,0,38,40.63426588,-8.66014288,4,100,0,0,0,1
13,0,38,40.63426588,-8.66014288,4,100,0,0,0,1
13,0,38,40.63426588,-8.66014288,4,100,0,0,0,1
13,0,39,40.63426588,-8.66014288,4,100,0,0,0,1
13,0,39,40.63426588,-8.66014288,4,100,0,0,0,1
13,0,39,40.63426588,-8.66014288,4,100,0,0,0,1
13,0,40,40.63426588,-8.66014288,4,100,0,0,0,1
13,0,40,40.63426588,-8.66014288,4,100,0,0,0,1
13,0,40,40.63426588,-8.66014288,4,100,0,0,0,1
13,0,41,40.63426588,-8.66014288,4,100,0,0,0,1
13,0,41,40.63426588,-8.66014288,4,100,0,0,0,1
13,0,41,40.63426588,-8.66014288,4,100,0,0,0,1
13,0,42,40.63426588,-8.66014288,4,100,0,0,0,1
13,0,42,40.63426588,-8.66014288,4,100,0,0,0,1
13,0,42,40.63426588,-8.66014288,4,100,0,0,0,1
13,0,43,40.63426588,-8.66014288,4,100,0,0,0,1
13,0,43,40.63426588,-8.66014288,4,100,0,0,0,1
13,0,44,40.63426588,-8.66014288,4,100,0,0,0,1
13,0,44,40.63426588,-8.66014288,4,100,0,0,0,1
13,0,44,40.63426588,-8.66014288,4,100,0,0,0,1
13,0,45,40.63426588,-8.66014288,4,100,0,0,0,1
13,0,45,40.63426588,-8.66014288,4,100,0,0,0,1
13,0,45,40.63426588,-8.66014288,4,100,0,0,0,1
13,0,46,40.63426588,-8.66014288,4,100,0,0,0,1
13,0,46,40.63426588,-8.66014288,4,100,0,0,0,1
13,0,46,40.63426588,-8.66014288,4,100,0,0,0,1
13,0,47,40.63426588,-8.66014288,4,100,0,0,0,1
13,0,47,40.63426588,-8.66014288,4,100,0,0,0,1
13,0,47,40.63426588,-8.66014288,4,100,0,0,0,1
13,0,48,40.63426588,-8.66014288,4,100,0,0,0,1
13,0,48,40.63426588,-8.66014288,4,100,0,0,0,1
13,0,48,40.63426588,-8.66014288,4,100,0,0,0,1
13,0,49,40.63426588,-8.66014288,4,100,0,0,0,1
13,0,49,40.63426588,-8.66014288,4,100,0,0,0,1
13,0,49,40.63426588,-8.66014288,4,100,0,0,0,1
13,0,50,40.63426588,-8.66014288,4,100,0,0,0,1
13,0,50,40.63426588,-8.66014288,4,100,0,0,0,1
13,0,50,40.63426588,-8.66014288,4,100,0,0,0,1
13,0,51,40.63426588,-8.66014288,4,100,0,0,0,1
13,0,51,40.63426588,-8.66014288,4,100,0,0,0,1
13,0,51,40.63426588,-8.66014288,4,100,0,0,0,1
13,0,52,40.63426588,-8.66014288,4,100,0,0,0,1
13,0,52,40.63426588,-8.66014288,4,100,0,0,0,1
13,0,52,40.63426588,-8.66014288,4,100,0,0,0,1
13,0,53,40.63426588,-8.66014288,4,100,0,0,0,1
13,0,53,40.63426588,-8.66014288,4,100,0,0,0,1
13,0,53,40.63426588,-8.66014288,4,100,0,0,0,1
13,0,54,40.63426588,-8.66014288,4,100,0,0,0,1
13,0,54,40.63426588,-8.66014288,4,100,0,0,0,1
13,0,54,40.63426588,-8.66014288,4,100,0,0,0,1
13,0,55,40.63426588,-8.66014288,4,100,0,0,0,1
13,0,55,40.63426588,-8.66014288,4,100,0,0,0,1
13,0,55,40.63426588,-8.66014288,4,100,0,0,0,1
13,0,56,40.63426588,-8.66014288,4,100,0,0,0,1
13,0,56,40.63426588,-8.66014288,4,100,0,0,0,1
13,0,56,40.63426588,-8.66014288,4,100,0,0,0,1
13,0,57,40.63426588,-8.66014288,4,100,0,0,0,1
13,0,57,40.63426588,-8.66014288,4,100,0,0,0,1
13,0,57,40.63426588,-8.66014288,4,100,0,0,0,1
13,0,58,40.63426588,-8.66014288,4,100,0,0,0,1
13,0,58,40.63426588,-8.66014288,4,100,0,0,0,1
13,0,58,40.63426588,-8.66014288,4,100,0,0,0,1
13,0,59,40.63426588,-8.66014288,4,100,0,0,0,1
13,0,59,40.63426588,-8.66014288,4,100,0,0,0,1
13,0,59,40.63426588,-8.66014288,4,100,0,0,0,1
13,1,0,40.63426588,-8.66014288,4,100,0,0,0,1
13,1,0,40.63426588,-8.66014288,4,100,0,0,0,1
13,1,0,40.63426588,-8.66014288,4,100,0,0,0,1
13,1,1,40.63426588,-8.66014288,4,100,0,0,0,1
13,1,1,40.63426588,-8.66014288,4,100,0,0,0,1
13,1,1,40.63426588,-8.66014288,4,100,0,0,0,1
13,1,2,40.63426588,-8.66014288,4,100,0,0,0,1
13,1,2,40.63426588,-8.66014288,4,100,0,0,0,1
13,1,2,40.63426588,-8.66014288,4,100,0,0,0,1
13,1,3,40.63426588,-8.66014288,4,100,0,0,0,1
13,1,3,40.63426588,-8.66014288,4,100,0,0,0,1
13,1,3,40.63426588,-8.66014288,4,100,0,0,0,1
13,1,4,40.63426588,-8.66014288,4,100,0,0,0,1
13,1,4,40.63426588,-8.66014288,4,100,0,0,0,1
13,1,4,40.63426588,-8.66014288,4,100,0,0,0,1
13,1,5,40.63426588,-8.66014288,4,100,0,0,0,1
13,1,5,40.63426588,-8.66014288,4,100,0,0,0,1
13,1,5,40.63426588,-8.66014288,4,100,0,0,0,1
13,1,6,40.63426588,-8.66014288,4,100,0,0,0,1
13,1,6,40.63426588,-8.66014288,4,100,0,0,0,1
13,1,6,40.63426588,-8.66014288,4,100,0,0,0,1
13,1,7,40.63426588,-8.66014288,4,100,0,0,0,1
13,1,7,40.63426588,-8.66014288,4,100,0,0,0,1
13,1,7,40.63426588,-8.66014288,4,100,0,0,0,1
13,1,8,40.63426588,-8.66014288,4,100,0,0,0,1
13,1,8,40.63426588,-8.66014288,4,100,0,0,0,1
13,1,9,40.63426588,-8.66014288,4,100,0,0,0,1
13,1,9,40.63426588,-8.66014288,4,100,0,0,0,1
13,1,9,40.63426588,-8.66014288,4,100,0,0,0,1
13,1,10,40.63426588,-8.66014288,4,100,0,0,0,1
13,1,10,40.63426588,-8.66014288,4,100,0,0,0,1
13,1,10,40.63426588,-8.66014288,4,100,0,0,0,1
13,1,11,40.63426588,-8.66014288,4,100,0,0,0,1
13,1,11,40.63426588,-8.66014288,4,100,0,0,0,1
13,1,11,40.63426588,-8.66014288,4,100,0,0,0,1
13,1,12,40.63426588,-8.66014288,4,100,0,0,0,1
13,1,12,40.63426588,-8.66014288,4,100,0,0,0,1
13,1,12,40.63426588,-8.66014288,4,100,0,0,0,1
13,1,13,40.63426588,-8.66014288,4,100,0,0,0,1
13,1,13,40.63426588,-8.66014288,4,100,0,0,0,1
13,1,13,40.63426588,-8.66014288,4,100,0,0,0,1
13,1,14,40.63426588,-8.66014288,4,100,0,0,0,1
13,1,14,40.63426588,-8.66014288,4,100,0,0,0,1
13,1,14,40.63426588,-8.66014288,4,100,0,0,0,1
13,1,15,40.63426588,-8.66014288,4,100,0,0,0,1
13,1,15,40.63426588,-8.66014288,4,100,0,0,0,1
13,1,15,40.63426588,-8.66014288,4,100,0,0,0,1
13,1,16,40.63426588,-8.66014288,4,100,0,0,0,1
13,1,16,40.63426588,-8.66014288,4,100,0,0,0,1
13,1,16,40.63426588,-8.66014288,4,100,0,0,0,1
13,1,17,40.63426588,-8.66014288,4,100,0,0,0,1
13,1,17,40.63426588,-8.66014288,4,100,0,0,0,1
13,1,17,40.63426588,-8.66014288,4,100,0,0,0,1
13,1,18,40.63426588,-8.66014288,4,100,0,0,0,1
13,1,18,40.63426588,-8.66014288,4,100,0,0,0,1
13,1,18,40.63426588,-8.66014288,4,100,0,0,0,1
13,1,19,40.63426588,-8.66014288,4,100,0,0,0,1
13,1,19,40.63426588,-8.66014288,4,100,0,0,0,1
13,1,19,40.63426588,-8.66014288,4,100,0,0,0,1
13,1,20,40.63426588,-8.66014288,4,100,0,0,0,1
13,1,20,40.63426588,-8.66014288,4,100,0,0,0,1
13,1,20,40.63426588,-8.66014288,4,100,0,0,0,1
13,1,21,40.63426588,-8.66014288,4,100,0,0,0,1
13,1,21,40.63426588,-8.66014288,4,100,0,0,0,1
13,1,21,40.63426588,-8.66014288,4,100,0,0,0,1
13,1,22,40.63426588,-8.66014288,4,100,0,0,0,1
13,1,22,40.63426588,-8.66014288,4,100,0,0,0,1
13,1,22,40.63426588,-8.66014288,4,100,0,0,0,1
13,1,23,40.63426588,-8.66014288,4,100,0,0,0,1
13,1,23,40.63426588,-8.66014288,4,100,0,0,0,1
13,1,23,40.63426588,-8.66014288,4,100,0,0,0,1
13,1,24,40.63426588,-8.66014288,4,100,0,0,0,1
13,1,24,40.63426588,-8.66014288,4,100,0,0,0,1
13,1,24,40.63426588,-8.66014288,4,100,0,0,0,1
13,1,25,40.63426588,-8.66014288,4,100,0,0,0,1
13,1,25,40.63426588,-8.66014288,4,100,0,0,0,1
13,1,25,40.63426588,-8.66014288,4,100,0,0,0,1
13,1,26,40.63426588,-8.66014288,4,100,0,0,0,1
13,1,26,40.63426588,-8.66014288,4,100,0,0,0,1
13,1,26,40.63426588,-8.66014288,4,100,0,0,0,1
13,1,27,40.63426588,-8.66014288,4,100,0,0,0,1
13,1,27,40.63426588,-8.66014288,4,100,0,0,0,1
13,1,27,40.63426588,-8.66014288,4,100,0,0,0,1
13,1,28,40.63426588,-8.66014288,4,100,0,0,0,1
13,1,28,40.63426588,-8.66014288,4,100,0,0,0,1
13,1,28,40.63426588,-8.66014288,4,100,0,0,0,1
13,1,29,40.63426588,-8.66014288,4,100,0,0,0,1
13,1,29,40.63426588,-8.66014288,4,100,0,0,0,1
13,1,29,40.63426588,-8.66014288,4,100,0,0,0,1
13,1,30,40.63426588,-8.66014288,4,100,0,0,0,1
13,1,30,40.63426588,-8.66014288,4,100,0,0,0,1
13,1,30,40.63426588,-8.66014288,4,100,0,0,0,1
13,1,31,40.63426588,-8.66014288,4,100,0,0,0,1
13,1,31,40.63426588,-8.66014288,4,100,0,0,0,1
13,1,31,40.63426588,-8.66014288,4,100,0,0,0,1
13,1,32,40.63426588,-8.66014288,4,100,0,0,0,1
13,1,32,40.63426588,-8.66014288,4,100,0,0,0,1
13,1,32,40.63426588,-8.66014288,4,100,0,0,0,1
13,1,33,40.63426588,-8.66014288,4,100,0,0,0,1
13,1,33,40.63426588,-8.66014288,4,100,0,0,0,1
13,1,33,40.63426588,-8.66014288,4,100,0,0,0,1
13,1,34,40.63426588,-8.66014288,4,100,0,0,0,1
13,1,34,40.63426588,-8.66014288,4,100,0,0,0,1
13,1,34,40.63426588,-8.66014288,4,100,0,0,0,1
13,1,35,40.63426588,-8.66014288,4,100,0,0,0,1
13,1,35,40.63426588,-8.66014288,4,100,0,0,0,1
13,1,35,40.63426588,-8.66014288,4,100,0,0,0,1
13,1,36,40.63426588,-8.66014288,4,100,0,0,0,1
13,1,36,40.63426588,-8.66014288,4,100,0,0,0,1
13,1,36,40.63426588,-8.66014288,4,100,0,0,0,1
13,1,37,40.63426588,-8.66014288,4,100,0,0,0,1
13,1,37,40.63426588,-8.66014288,4,100,0,0,0,1
13,1,37,40.63426588,-8.66014288,4,100,0,0,0,1
13,1,38,40.63426588,-8.66014288,4,100,0,0,0,1
13,1,38,40.63426588,-8.66014288,4,100,0,0,0,1
13,1,38,40.63426588,-8.66014288,4,100,0,0,0,1
13,1,39,40.63426588,-8.66014288,4,100,0,0,0,1
13,1,39,40.63426588,-8.66014288,4,100,0,0,0,1
13,1,39,40.63426588,-8.66014288,4,100,0,0,0,1
13,1,40,40.63426588,-8.66014288,4,100,0,0,0,1
13,1,40,40.63426588,-8.66014288,4,100,0,0,0,1
13,1,40,40.63426588,-8.66014288,4,100,0,0,0,1
13,1,41,40.63426588,-8.66014288,4,100,0,0,0,1
13,1,41,40.63426588,-8.66014288,4,100,0,0,0,1
13,1,41,40.63426588,-8.66014288,4,100,0,0,0,1
13,1,42,40.63426588,-8.66014288,4,100,0,0,0,1
13,1,42,40.63426588,-8.66014288,4,100,0,0,0,1
13,1,42,40.63426588,-8.66014288,4,100,0,0,0,1
13,1,43,40.63426588,-8.66014288,4,100,0,0,0,1
13,1,43,40.63426588,-8.66014288,4,100,0,0,0,1
13,1,43,40.63426588,-8.66014288,4,100,0,0,0,1
13,1,44,40.63426588,-8.66014288,4,100,0,0,0,1
13,1,44,40.63426588,-8.66014288,4,100,0,0,0,1
13,1,44,40.63426588,-8.66014288,4,100,0,0,0,1
13,1,45,40.63426588,-8.66014288,4,100,0,0,0,1
13,1,45,40.63426588,-8.66014288,4,100,0,0,0,1
13,1,45,40.63426588,-8.66014288,4,100,0,0,0,1
13,1,46,40.63426588,-8.66014288,4,100,0,0,0,1
13,1,46,40.63426588,-8.66014288,4,100,0,0,0,1
13,1,46,40.63426588,-8.66014288,4,100,0,0,0,1
13,1,47,40.63426588,-8.66014288,4,100,0,0,0,1
13,1,47,40.63426588,-8.66014288,4,100,0,0,0,1
13,1,47,40.63426588,-8.66014288,4,100,0,0,0,1
13,1,48,40.63426588,-8.66014288,4,100,0,0,0,1
13,1,48,40.63426588,-8.66014288,4,100,0,0,0,1
13,1,48,40.63426588,-8.66014288,4,100,0,0,0,1
13,1,49,40.63426588,-8.66014288,4,100,0,0,0,1
13,1,49,40.63426588,-8.66014288,4,100,0,0,0,1
13,1,49,40.63426588,-8.66014288,4,100,0,0,0,1
13,1,50,40.63426588,-8.66014288,4,100,0,0,0,1
13,1,50,40.63426588,-8.66014288,4,100,0,0,0,1
13,1,50,40.63426588,-8.66014288,4,100,0,0,0,1
13,1,51,40.63426588,-8.66014288,4,100,0,0,0,1
13,1,51,40.63426588,-8.66014288,4,100,0,0,0,1
13,1,51,40.63426588,-8.66014288,4,100,0,0,0,1
13,1,52,40.63426588,-8.66014288,4,100,0,0,0,1
13,1,52,40.63426588,-8.66014288,4,100,0,0,0,1
13,1,52,40.63426588,-8.66014288,4,100,0,0,0,1
13,1,53,40.63426588,-8.66014288,4,100,0,0,0,1
13,1,53,40.63426588,-8.66014288,4,100,0,0,0,1
13,1,53,40.63426588,-8.66014288,4,100,0,0,0,1
13,1,54,40.63426588,-8.66014288,4,100,0,0,0,1
13,1,54,40.63426588,-8.66014288,4,100,0,0,0,1
13,1,54,40.63426588,-8.66014288,4,100,0,0,0,1
13,1,55,40.63426588,-8.66014288,4,100,0,0,0,1
13,1,55,40.63426588,-8.66014288,4,100,0,0,0,1
13,1,55,40.63426588,-8.66014288,4,100,0,0,0,1
13,1,56,40.63426588,-8.66014288,4,100,0,0,0,1
13,1,56,40.63426588,-8.66014288,4,100,0,0,0,1
13,1,56,40.63426588,-8.66014288,4,100,0,0,0,1
13,1,57,40.63426588,-8.66014288,4,100,0,0,0,1
13,1,57,40.63426588,-8.66014288,4,100,0,0,0,1
13,1,57,40.63426588,-8.66014288,4,100,0,0,0,1
13,1,58,40.63426588,-8.66014288,4,100,0,0,0,1
13,1,58,40.63426588,-8.66014288,4,100,0,0,0,1
13,1,58,40.63426588,-8.66014288,4,100,0,0,0,1
13,1,59,40.63426588,-8.66014288,4,100,0,0,0,1
13,1,59,40.63426588,-8.66014288,4,100,0,0,0,1
13,1,59,40.63426588,-8.66014288,4,100,0,0,0,1
13,2,0,40.63426588,-8.66014288,4,100,0,0,0,1
13,2,0,40.63426588,-8.66014288,4,100,0,0,0,1
13,2,0,40.63426588,-8.66014288,4,100,0,0,0,1
13,2,1,40.63426588,-8.66014288,4,100,0,0,0,1
13,2,1,40.63426588,-8.66014288,4,100,0,0,0,1
13,2,1,40.63426588,-8.66014288,4,100,0,0,0,1
13,2,2,40.63426588,-8.66014288,4,100,0,0,0,1
13,2,2,40.63426588,-8.66014288,4,100,0,0,0,1
13,2,2,40.63426588,-8.66014288,4,100,0,0,0,1
13,2,3,40.63426588,-8.66014288,4,100,0,0,0,1
13,2,3,40.63426588,-8.66014288,4,100,0,0,0,1
13,2,3,40.63426588,-8.66014288,4,100,0,0,0,1
13,2,4,40.63426588,-8.66014288,4,100,0,0,0,1
13,2,4,40.63426588,-8.66014288,4,100,0,0,0,1
13,2,4,40.63426588,-8.66014288,4,100,0,0,0,1
13,2,5,40.63426588,-8.66014288,4,100,0,0,0,1
13,2,5,40.63426588,-8.66014288,4,100,0,0,0,1
13,2,5,40.63426588,-8.66014288,4,100,0,0,0,1
13,2,6,40.63426588,-8.66014288,4,100,0,0,0,1
13,2,6,40.63426588,-8.66014288,4,100,0,0,0,1
13,2,6,40.63426588,-8.66014288,4,100,0,0,0,1
13,2,7,40.63426588,-8.66014288,4,100,0,0,0,1
13,2,7,40.63426588,-8.66014288,4,100,0,0,0,1
13,2,7,40.63426588,-8.66014288,4,100,0,0,0,1
13,2,8,40.63426588,-8.66014288,4,100,0,0,0,1
13,2,8,40.63426588,-8.66014288,4,100,0,0,0,1
13,2,8,40.63426588,-8.66014288,4,100,0,0,0,1
13,2,9,40.63426588,-8.66014288,4,100,0,0,0,1
13,2,9,40.63426588,-8.66014288,4,100,0,0,0,1
13,2,9,40.63426588,-8.66014288,4,100,0,0,0,1
13,2,10,40.63426588,-8.66014288,4,100,0,0,0,1
13,2,10,40.63426588,-8.66014288,4,100,0,0,0,1
13,2,10,40.63426588,-8.66014288,4,100,0,0,0,1
13,2,11,40.63426588,-8.66014288,4,100,0,0,0,1
13,2,11,40.63426588,-8.66014288,4,100,0,0,0,1
13,2,11,40.63426588,-8.66014288,4,100,0,0,0,1
13,2,12,40.63426588,-8.66014288,4,100,0,0,0,1
13,2,12,40.63426588,-8.66014288,4,100,0,0,0,1
13,2,12,40.63426588,-8.66014288,4,100,0,0,0,1
13,2,13,40.63426588,-8.66014288,4,100,0,0,0,1
13,2,13,40.63426588,-8.66014288,4,100,0,0,0,1
13,2,13,40.63426588,-8.66014288,4,100,0,0,0,1
13,2,14,40.63426588,-8.66014288,4,100,0,0,0,1
13,2,14,40.63426588,-8.66014288,4,100,0,0,0,1
13,2,14,40.63426588,-8.66014288,4,100,0,0,0,1
13,2,15,40.63426588,-8.66014288,4,100,0,0,0,1
13,2,15,40.63426588,-8.66014288,4,100,0,0,0,1
13,2,15,40.63426588,-8.66014288,4,100,0,0,0,1
13,2,16,40.63426588,-8.66014288,4,100,0,0,0,1
13,2,16,40.63426588,-8.66014288,4,100,0,0,0,1
13,2,16,40.63426588,-8.66014288,4,100,0,0,0,1
13,2,17,40.63426588,-8.66014288,4,100,0,0,0,1
13,2,17,40.63426588,-8.66014288,4,100,0,0,0,1
13,2,17,40.63426588,-8.66014288,4,100,0,0,0,1
13,2,18,40.63426588,-8.66014288,4,100,0,0,0,1
13,2,18,40.63426588,-8.66014288,4,100,0,0,0,1
13,2,18,40.63426588,-8.66014288,4,100,0,0,0,1
13,2,19,40.63426588,-8.66014288,4,100,0,0,0,1
13,2,19,40.63426588,-8.66014288,4,100,0,0,0,1
13,2,19,40.63426588,-8.66014288,4,100,0,0,0,1
13,2,20,40.63426588,-8.66014288,4,100,0,0,0,1
13,2,20,40.63426588,-8.66014288,4,100,0,0,0,1
13,2,20,40.63426588,-8.66014288,4,100,0,0,0,1
13,2,21,40.63426588,-8.66014288,4,100,0,0,0,1
13,2,21,40.63426588,-8.66014288,4,100,0,0,0,1
13,2,21,40.63426588,-8.66014288,4,100,0,0,0,1
13,2,22,40.63426588,-8.66014288,4,100,0,0,0,1
13,2,22,40.63426588,-8.66014288,4,100,0,0,0,1
13,2,22,40.63426588,-8.66014288,4,100,0,0,0,1
13,2,23,40.63426588,-8.66014288,4,100,0,0,0,1
13,2,23,40.63426588,-8.66014288,4,100,0,0,0,1
13,2,23,40.63426588,-8.66014288,4,100,0,0,0,1
13,2,24,40.63426588,-8.66014288,4,100,0,0,0,1
13,2,24,40.63426588,-8.66014288,4,100,0,0,0,1
13,2,24,40.63426588,-8.66014288,4,100,0,0,0,1
13,2,25,40.63426588,-8.66014288,4,100,0,0,0,1
13,2,25,40.63426588,-8.66014288,4,100,0,0,0,1
13,2,25,40.63426588,-8.66014288,4,100,0,0,0,1
13,2,26,40.63426588,-8.66014288,4,100,0,0,0,1
13,2,26,40.63426588,-8.66014288,4,100,0,0,0,1
13,2,26,40.63426588,-8.66014288,4,100,0,0,0,1
13,2,27,40.63426588,-8.66014288,4,100,0,0,0,1
13,2,27,40.63426588,-8.66014288,4,100,0,0,0,1
13,2,27,40.63426588,-8.66014288,4,100,0,0,0,1
13,2,28,40.63426588,-8.66014288,4,100,0,0,0,1
13,2,28,40.63426588,-8.66014288,4,100,0,0,0,1
13,2,28,40.63426588,-8.66014288,4,100,0,0,0,1
13,2,29,40.63426588,-8.66014288,4,100,0,0,0,1
13,2,29,40.63426588,-8.66014288,4,100,0,0,0,1
13,2,29,40.63426588,-8.66014288,4,100,0,0,0,1
13,2,30,40.63426588,-8.66014288,4,100,0,0,0,1
13,2,30,40.63426588,-8.66014288,4,100,0,0,0,1
13,2,30,40.63426588,-8.66014288,4,100,0,0,0,1
13,2,31,40.63426588,-8.66014288,4,100,0,0,0,1
13,2,31,40.63426588,-8.66014288,4,100,0,0,0,1
13,2,31,40.63426588,-8.66014288,4,100,0,0,0,1
13,2,32,40.63426588,-8.66014288,4,100,0,0,0,1
13,2,32,40.63426588,-8.66014288,4,100,0,0,0,1
13,2,32,40.63426588,-8.66014288,4,100,0,0,0,1
13,2,33,40.63426588,-8.66014288,4,100,0,0,0,1
13,2,33,40.63426588,-8.66014288,4,100,0,0,0,1
13,2,33,40.63426588,-8.66014288,4,100,0,0,0,1
13,2,34,40.63426588,-8.66014288,4,100,0,0,0,1
13,2,34,40.63426588,-8.66014288,4,100,0,0,0,1
13,2,34,40.63426588,-8.66014288,4,100,0,0,0,1
13,2,35,40.63426588,-8.66014288,4,100,0,0,0,1
13,2,35,40.63426588,-8.66014288,4,100,0,0,0,1
13,2,35,40.63426588,-8.66014288,4,100,0,0,0,1
13,2,36,40.63426588,-8.66014288,4,100,0,0,0,1
13,2,36,40.63426588,-8.66014288,4,100,0,0,0,1
13,2,36,40.63426588,-8.66014288,4,100,0,0,0,1
13,2,37,40.63426588,-8.66014288,4,100,0,0,0,1
13,2,37,40.63426588,-8.66014288,4,100,0,0,0,1
13,2,37,40.63426588,-8.66014288,4,100,0,0,0,1
13,2,38,40.63426588,-8.66014288,4,100,0,0,0,1
13,2,38,40.63426588,-8.66014288,4,100,0,0,0,1
13,2,38,40.63426588,-8.66014288,4,100,0,0,0,1
13,2,39,40.63426588,-8.66014288,4,100,0,0,0,1
13,2,39,40.63426588,-8.66014288,4,100,0,0,0,1
13,2,39,40.63426588,-8.66014288,4,100,0,0,0,1
13,2,40,40.63426588,-8.66014288,4,100,0,0,0,1
13,2,40,40.63426588,-8.66014288,4,100,0,0,0,1
13,2,40,40.63426588,-8.66014288,4,100,0,0,0,1
13,2,41,40.63426588,-8.66014288,4,100,0,0,0,1
13,2,41,40.63426588,-8.66014288,4,100,0,0,0,1
13,2,41,40.63426588,-8.66014288,4,100,0,0,0,1
13,2,42,40.63426588,-8.66014288,4,100,0,0,0,1
13,2,42,40.63426588,-8.66014288,4,100,0,0,0,1
13,2,42,40.63426588,-8.66014288,4,100,0,0,0,1
13,2,43,40.63426588,-8.66014288,4,100,0,0,0,1
13,2,43,40.63426588,-8.66014288,4,100,0,0,0,1
13,2,43,40.63426588,-8.66014288,4,100,0,0,0,1
13,2,44,40.63426588,-8.66014288,4,100,0,0,0,1
13,2,44,40.63426588,-8.66014288,4,100,0,0,0,1
13,2,44,40.63426588,-8.66014288,4,100,0,0,0,1
13,2,45,40.63426588,-8.66014288,4,100,0,0,0,1
13,2,45,40.63426588,-8.66014288,4,100,0,0,0,1
13,2,45,40.63426588,-8.66014288,4,100,0,0,0,1
13,2,46,40.63426588,-8.66014288,4,100,0,0,0,1
13,2,46,40.63426588,-8.66014288,4,100,0,0,0,1
13,2,46,40.63426588,-8.66014288,4,100,0,0,0,1
13,2,47,40.63426588,-8.66014288,4,100,0,0,0,1
13,2,47,40.63426588,-8.66014288,4,100,0,0,0,1
13,2,47,40.63426588,-8.66014288,4,100,0,0,0,1
13,2,48,40.63426588,-8.66014288,4,100,0,0,0,1
13,2,48,40.63426588,-8.66014288,4,100,0,0,0,1
13,2,48,40.63426588,-8.66014288,4,100,0,0,0,1
13,2,49,40.63426588,-8.66014288,4,100,0,0,0,1
13,2,49,40.63426588,-8.66014288,4,100,0,0,0,1
13,2,49,40.63426588,-8.66014288,4,100,0,0,0,1
13,2,50,40.63426588,-8.66014288,4,100,0,0,0,1
13,2,50,40.63426588,-8.66014288,4,100,0,0,0,1
13,2,50,40.63426588,-8.66014288,4,100,0,0,0,1
13,2,51,40.63426588,-8.66014288,4,100,0,0,0,1
13,2,51,40.63426588,-8.66014288,4,100,0,0,0,1
13,2,51,40.63426588,-8.66014288,4,100,0,0,0,1
13,2,52,40.63426588,-8.66014288,4,100,0,0,0,1
13,2,52,40.63426588,-8.66014288,4,100,0,0,0,1
13,2,52,40.63426588,-8.66014288,4,100,0,0,0,1
13,2,53,40.63426588,-8.66014288,4,100,0,0,0,1
13,2,53,40.63426588,-8.66014288,4,100,0,0,0,1
13,2,53,40.63426588,-8.66014288,4,100,0,0,0,1
13,2,54,40.63426588,-8.66014288,4,100,0,0,0,1
13,2,54,40.63426588,-8.66014288,4,100,0,0,0,1
13,2,54,40.63426588,-8.66014288,4,100,0,0,0,1
13,2,55,40.63426588,-8.66014288,4,100,0,0,0,1
13,2,55,40.63426588,-8.66014288,4,100,0,0,0,1
13,2,55,40.63426588,-8.66014288,4,100,0,0,0,1
13,2,56,40.63426588,-8.66014288,4,100,0,0,0,1
13,2,56,40.63426588,-8.66014288,4,100,0,0,0,1
13,2,57,40.63426588,-8.66014288,4,100,0,0,0,1
13,2,57,40.63426588,-8.66014288,4,100,0,0,0,1
13,2,57,40.63426588,-8.66014288,4,100,0,0,0,1
13,2,58,40.63426588,-8.66014288,4,100,0,0,0,1
13,2,58,40.63426588,-8.66014288,4,100,0,0,0,1
13,2,58,40.63426588,-8.66014288,4,100,0,0,0,1
13,2,59,40.63426588,-8.66014288,4,100,0,0,0,1
13,2,59,40.63426588,-8.66014288,4,100,0,0,0,1
13,2,59,40.63426588,-8.66014288,4,100,0,0,0,1
13,3,0,40.63426588,-8.66014288,4,100,0,0,0,1
13,3,0,40.63426588,-8.66014288,4,100,0,0,0,1
13,3,0,40.63426588,-8.66014288,4,100,0,0,0,1
13,3,1,40.63426588,-8.66014288,4,100,0,0,0,1
13,3,1,40.63426588,-8.66014288,4,100,0,0,0,1
13,3,1,40.63426588,-8.66014288,4,100,0,0,0,1
13,3,2,40.63426588,-8.66014288,4,100,0,0,0,1
13,3,2,40.63426588,-8.66014288,4,100,0,0,0,1
13,3,2,40.63426588,-8.66014288,4,100,0,0,0,1
13,3,3,40.63426588,-8.66014288,4,100,0,0,0,1
13,3,3,40.63426588,-8.66014288,4,100,0,0,0,1
13,3,3,40.63426588,-8.66014288,4,100,0,0,0,1
13,3,4,40.63426588,-8.66014288,4,100,0,0,0,1
13,3,4,40.63426588,-8.66014288,4,100,0,0,0,1
13,3,4,40.63426588,-8.66014288,4,100,0,0,0,1
13,3,5,40.63426588,-8.66014288,4,100,0,0,0,1
13,3,5,40.63426588,-8.66014288,4,100,0,0,0,1
13,3,5,40.63426588,-8.66014288,4,100,0,0,0,1
13,3,6,40.63426588,-8.66014288,4,100,0,0,0,1
13,3,6,40.63426588,-8.66014288,4,100,0,0,0,1
13,3,6,40.63426588,-8.66014288,4,100,0,0,0,1
13,3,7,40.63426588,-8.66014288,4,100,0,0,0,1
13,3,7,40.63426588,-8.66014288,4,100,0,0,0,1
13,3,7,40.63426588,-8.66014288,4,100,0,0,0,1
13,3,8,40.63426588,-8.66014288,4,100,0,0,0,1
13,3,8,40.63426588,-8.66014288,4,100,0,0,0,1
13,3,8,40.63426588,-8.66014288,4,100,0,0,0,1
13,3,9,40.63426588,-8.66014288,4,100,0,0,0,1
13,3,9,40.63426588,-8.66014288,4,100,0,0,0,1
13,3,9,40.63426588,-8.66014288,4,100,0,0,0,1
13,3,10,40.63426588,-8.66014288,4,100,0,0,0,1
13,3,10,40.63426588,-8.66014288,4,100,0,0,0,1
13,3,10,40.63426588,-8.66014288,4,100,0,0,0,1
13,3,11,40.63426588,-8.66014288,4,100,0,0,0,1
13,3,11,40.63426588,-8.66014288,4,100,0,0,0,1
13,3,11,40.63426588,-8.66014288,4,100,0,0,0,1
13,3,12,40.63426588,-8.66014288,4,100,0,0,0,1
13,3,12,40.63426588,-8.66014288,4,100,0,0,0,1
13,3,12,40.63426588,-8.66014288,4,100,0,0,0,1
13,3,13,40.63426588,-8.66014288,4,100,0,0,0,1
13,3,13,40.63426588,-8.66014288,4,100,0,0,0,1
13,3,13,40.63426588,-8.66014288,4,100,0,0,0,1
13,3,14,40.63426588,-8.66014288,4,100,0,0,0,1
13,3,14,40.63426588,-8.66014288,4,100,0,0,0,1
13,3,14,40.63426588,-8.66014288,4,100,0,0,0,1
13,3,15,40.63426588,-8.66014288,4,100,0,0,0,1
13,3,15,40.63426588,-8.66014288,4,100,0,0,0,1
13,3,15,40.63426588,-8.66014288,4,100,0,0,0,1
13,3,16,40.63426588,-8.66014288,4,100,0,0,0,1
13,3,16,40.63426588,-8.66014288,4,100,0,0,0,1
13,3,16,40.63426588,-8.66014288,4,100,0,0,0,1
13,3,17,40.63426588,-8.66014288,4,100,0,0,0,1
13,3,17,40.63426588,-8.66014288,4,100,0,0,0,1
13,3,17,40.63426588,-8.66014288,4,100,0,0,0,1
13,3,18,40.63426588,-8.66014288,4,100,0,0,0,1
13,3,18,40.63426588,-8.66014288,4,100,0,0,0,1
13,3,18,40.63426588,-8.66014288,4,100,0,0,0,1
13,3,19,40.63426588,-8.66014288,4,100,0,0,0,1
13,3,19,40.63426588,-8.66014288,4,100,0,0,0,1
13,3,19,40.63426588,-8.66014288,4,100,0,0,0,1
13,3,20,40.63426588,-8.66014288,4,100,0,0,0,1
13,3,20,40.63426588,-8.66014288,4,100,0,0,0,1
13,3,20,40.63426588,-8.66014288,4,100,0,0,0,1
13,3,21,40.63426588,-8.66014288,4,100,0,0,0,1
13,3,21,40.63426588,-8.66014288,4,100,0,0,0,1
13,3,21,40.63426588,-8.66014288,4,100,0,0,0,1
13,3,22,40.63426588,-8.66014288,4,100,0,0,0,1
13,3,22,40.63426588,-8.66014288,4,100,0,0,0,1
13,3,22,40.63426588,-8.66014288,4,100,0,0,0,1
13,3,23,40.63426588,-8.66014288,4,100,0,0,0,1
13,3,23,40.63426588,-8.66014288,4,100,0,0,0,1
13,3,23,40.63426588,-8.66014288,4,100,0,0,0,1
13,3,24,40.63426588,-8.66014288,4,100,0,0,0,1
13,3,24,40.63426588,-8.66014288,4,100,0,0,0,1
13,3,24,40.63426588,-8.66014288,4,100,0,0,0,1
13,3,25,40.63426588,-8.66014288,4,100,0,0,0,1
13,3,25,40.63426588,-8.66014288,4,100,0,0,0,1
13,3,25,40.63426588,-8.66014288,4,100,0,0,0,1
13,3,26,40.63426588,-8.66014288,4,100,0,0,0,1
13,3,26,40.63426588,-8.66014288,4,100,0,0,0,1
13,3,26,40.63426588,-8.66014288,4,100,0,0,0,1
13,3,27,40.63426588,-8.66014288,4,100,0,0,0,1
13,3,27,40.63426588,-8.66014288,4,100,0,0,0,1
13,3,27,40.63426588,-8.66014288,4,100,0,0,0,1
13,3,28,40.63426588,-8.66014288,4,100,0,0,0,1
13,3,28,40.63426588,-8.66014288,4,100,0,0,0,1
13,3,28,40.63426588,-8.66014288,4,100,0,0,0,1
13,3,29,40.63426588,-8.66014288,4,100,0,0,0,1
13,3,29,40.63426588,-8.66014288,4,100,0,0,0,1
13,3,29,40.63426588,-8.66014288,4,100,0,0,0,1
13,3,30,40.63426588,-8.66014288,4,100,0,0,0,1
13,3,30,40.63426588,-8.66014288,4,100,0,0,0,1
13,3,30,40.63426588,-8.66014288,4,100,0,0,0,1
13,3,31,40.63426588,-8.66014288,4,100,0,0,0,1
13,3,31,40.63426588,-8.66014288,4,100,0,0,0,1
13,3,31,40.63426588,-8.66014288,4,100,0,0,0,1
13,3,32,40.63426588,-8.66014288,4,100,0,0,0,1
13,3,32,40.63426588,-8.66014288,4,100,0,0,0,1
13,3,32,40.63426588,-8.66014288,4,100,0,0,0,1
13,3,33,40.63426588,-8.66014288,4,100,0,0,0,1
13,3,33,40.63426588,-8.66014288,4,100,0,0,0,1
13,3,33,40.63426588,-8.66014288,4,100,0,0,0,1
13,3,34,40.63426588,-8.66014288,4,100,0,0,0,1
13,3,34,40.63426588,-8.66014288,4,100,0,0,0,1
13,3,34,40.63426588,-8.66014288,4,100,0,0,0,1
13,3,35,40.63426588,-8.66014288,4,100,0,0,0,1
13,3,35,40.63426588,-8.66014288,4,100,0,0,0,1
13,3,35,40.63426588,-8.66014288,4,100,0,0,0,1
13,3,36,40.63426588,-8.66014288,4,100,0,0,0,1
13,3,36,40.63426588,-8.66014288,4,100,0,0,0,1
13,3,36,40.63426588,-8.66014288,4,100,0,0,0,1
13,3,37,40.63426588,-8.66014288,4,100,0,0,0,1
13,3,37,40.63426588,-8.66014288,4,100,0,0,0,1
13,3,37,40.63426588,-8.66014288,4,100,0,0,0,1
13,3,38,40.63426588,-8.66014288,4,100,0,0,0,1
13,3,38,40.63426588,-8.66014288,4,100,0,0,0,1
13,3,38,40.63426588,-8.66014288,4,100,0,0,0,1
13,3,39,40.63426588,-8.66014288,4,100,0,0,0,1
13,3,39,40.63426588,-8.66014288,4,100,0,0,0,1
13,3,39,40.63426588,-8.66014288,4,100,0,0,0,1
13,3,40,40.63426588,-8.66014288,4,100,0,0,0,1
13,3,40,40.63426588,-8.66014288,4,100,0,0,0,1
13,3,40,40.63426588,-8.66014288,4,100,0,0,0,1
13,3,41,40.63426588,-8.66014288,4,100,0,0,0,1
13,3,41,40.63426588,-8.66014288,4,100,0,0,0,1
13,3,41,40.63426588,-8.66014288,4,100,0,0,0,1
13,3,42,40.63426588,-8.66014288,4,100,0,0,0,1
13,3,42,40.63426588,-8.66014288,4,100,0,0,0,1
13,3,42,40.63426588,-8.66014288,4,100,0,0,0,1
13,3,43,40.63426588,-8.66014288,4,100,0,0,0,1
13,3,43,40.63426588,-8.66014288,4,100,0,0,0,1
13,3,43,40.63426588,-8.66014288,4,100,0,0,0,1
13,3,44,40.63426588,-8.66014288,4,100,0,0,0,1
13,3,44,40.63426588,-8.66014288,4,100,0,0,0,1
13,3,44,40.63426588,-8.66014288,4,100,0,0,0,1
13,3,45,40.63426588,-8.66014288,4,100,0,0,0,1
13,3,45,40.63426588,-8.66014288,4,100,0,0,0,1
13,3,45,40.63426588,-8.66014288,4,100,0,0,0,1
13,3,46,40.63426588,-8.66014288,4,100,0,0,0,1
13,3,46,40.63426588,-8.66014288,4,100,0,0,0,1
13,3,46,40.63426588,-8.66014288,4,100,0,0,0,1
13,3,47,40.63426588,-8.66014288,4,100,0,0,0,1
13,3,47,40.63426588,-8.66014288,4,100,0,0,0,1
13,3,47,40.63426588,-8.66014288,4,100,0,0,0,1
13,3,48,40.63426588,-8.66014288,4,100,0,0,0,1
13,3,48,40.63426588,-8.66014288,4,100,0,0,0,1
13,3,48,40.63426588,-8.66014288,4,100,0,0,0,1
13,3,49,40.63426588,-8.66014288,4,100,0,0,0,1
13,3,49,40.63426588,-8.66014288,4,100,0,0,0,1
13,3,49,40.63426588,-8.66014288,4,100,0,0,0,1
13,3,50,40.63426588,-8.66014288,4,100,0,0,0,1
13,3,50,40.63426588,-8.66014288,4,100,0,0,0,1
13,3,50,40.63426588,-8.66014288,4,100,0,0,0,1
13,3,51,40.63426588,-8.66014288,4,100,0,0,0,1
13,3,51,40.63426588,-8.66014288,4,100,0,0,0,1
13,3,51,40.63426588,-8.66014288,4,100,0,0,0,1
13,3,52,40.63426588,-8.66014288,4,100,0,0,0,1
13,3,52,40.63426588,-8.66014288,4,100,0,0,0,1
13,3,52,40.63426588,-8.66014288,4,100,0,0,0,1
13,3,53,40.63426588,-8.66014288,4,100,0,0,0,1
13,3,53,40.63426588,-8.66014288,4,100,0,0,0,1
13,3,53,40.63426588,-8.66014288,4,100,0,0,0,1
