17,4,52,40.63430024,-8.66007900,2,0,0,0,0,1
17,4,52,40.63430024,-8.66007900,2,0,0,0,0,1
17,4,52,40.63430404,-8.66007900,2,0,0,0,0,1
17,4,53,40.63430404,-8.66007996,2,0,0,0,0,1
17,4,53,40.63430404,-8.66007996,2,0,0,0,0,1
17,4,53,40.63430404,-8.66008188,2,0,0,0,0,1
17,4,54,40.63430404,-8.66008188,2,0,0,0,0,1
17,4,54,40.63431168,-8.66008280,2,0,0,0,0,1
17,4,55,40.63431168,-8.66008280,2,0,0,0,0,1
17,4,55,40.63431168,-8.66008376,2,0,0,0,0,1
17,4,55,40.63431168,-8.66008568,2,0,0,0,0,1
17,4,56,40.63431168,-8.66008568,2,0,0,0,0,1
17,4,56,40.63431168,-8.66008664,2,0,0,0,0,1
17,4,56,40.63431168,-8.66008664,2,0,0,0,0,1
17,4,57,40.63431168,-8.66008664,2,0,0,0,0,1
17,4,57,40.63431168,-8.66008664,2,0,0,0,0,1
17,4,57,40.63431168,-8.66008664,2,0,0,0,0,1
17,4,58,40.63431168,-8.66008852,2,0,0,0,0,1
17,4,58,40.63431168,-8.66008852,2,0,0,0,0,1
17,4,58,40.63431168,-8.66008852,2,0,0,0,0,1
17,4,59,40.63431168,-8.66008948,2,0,0,0,0,1
17,4,59,40.63431168,-8.66008948,2,0,0,0,0,1
17,4,59,40.63431168,-8.66008948,2,0,0,0,0,1
17,5,0,40.63431168,-8.66009140,2,0,0,0,0,1
17,5,0,40.63431168,-8.66009236,2,0,0,0,0,1
17,5,0,40.63431168,-8.66009332,2,0,0,0,0,1
17,5,1,40.63431168,-8.66009520,2,0,0,0,0,1
17,5,1,40.63431168,-8.66009520,2,0,0,0,0,1
17,5,2,40.63431168,-8.66009616,2,0,0,0,0,1
17,5,2,40.63431168,-8.66009712,2,0,0,0,0,1
17,5,2,40.63428880,-8.66014288,5,0,0,0,0,1
17,5,3,40.63428880,-8.66014288,5,13,0,0,0,1
17,5,3,40.63428880,-8.66014288,5,13,0,0,0,1
17,5,3,40.63428880,-8.66014288,5,13,0,0,0,1
17,5,4,40.63428880,-8.66014288,5,13,0,0,0,1
17,5,4,40.63428880,-8.66014288,5,13,0,0,0,1
17,5,4,40.63428880,-8.66014384,5,13,0,0,0,1
17,5,5,40.63428880,-8.66014384,5,13,0,0,0,1
17,5,5,40.63428880,-8.66014480,5,13,0,0,0,1
17,5,5,40.63428880,-8.66014480,5,13,0,0,0,1
17,5,6,40.63428880,-8.66014480,5,10,0,0,0,1
17,5,6,40.63428880,-8.66014672,5,11,0,0,0,1
17,5,6,40.63428880,-8.66014672,5,11,0,0,0,1
17,5,7,40.63428880,-8.66014672,5,11,0,0,0,1
17,5,7,40.63428880,-8.66014768,5,11,0,0,0,1
17,5,7,40.63428880,-8.66014768,5,11,0,0,0,1
17,5,8,40.63428880,-8.66014768,5,11,0,0,0,1
17,5,8,40.63428880,-8.66014768,5,11,0,0,0,1
17,5,8,40.63428880,-8.66014768,5,11,0,0,0,1
17,5,9,40.63428880,-8.66014768,5,11,0,0,0,1
17,5,9,40.63428880,-8.66014768,5,11,0,0,0,1
17,5,9,40.63428880,-8.66014768,5,11,0,0,0,1
17,5,10,40.63428880,-8.66014768,5,10,0,0,0,1
17,5,10,40.63428880,-8.66014956,5,10,0,0,0,1
17,5,10,40.63428880,-8.66015148,5,10,0,0,0,1
17,5,11,40.63428880,-8.66015148,5,10,0,0,0,1
17,5,11,40.63428880,-8.66015148,5,10,0,0,0,1
17,5,11,40.63428880,-8.66015244,5,10,0,0,0,1
17,5,12,40.63428880,-8.66015244,5,11,0,0,0,1
17,5,12,40.63428880,-8.66015244,5,11,0,0,0,1
17,5,12,40.63428880,-8.66015244,5,11,0,0,0,1
17,5,13,40.63428880,-8.66015244,5,12,0,0,0,1
17,5,13,40.63428496,-8.66015244,5,12,0,0,0,1
17,5,14,40.63428496,-8.66015244,5,11,0,0,0,1
17,5,14,40.63428496,-8.66015244,5,11,0,0,0,1
17,5,14,40.63428496,-8.66015244,5,11,0,0,0,1
17,5,15,40.63428496,-8.66015244,5,10,0,0,0,1
17,5,15,40.63428496,-8.66015244,5,10,0,0,0,1
17,5,15,40.63428496,-8.66015244,5,10,0,0,0,1
17,5,16,40.63428496,-8.66015244,5,12,0,0,0,1
17,5,16,40.63428116,-8.66015148,5,14,0,0,0,1
17,5,16,40.63428116,-8.66015148,5,14,0,0,0,1
17,5,17,40.63428116,-8.66015148,5,14,0,0,0,1
17,5,17,40.63428116,-8.66015148,5,15,0,0,0,1
17,5,17,40.63428116,-8.66015148,5,15,0,0,0,1
17,5,18,40.63428116,-8.66015148,5,18,0,0,0,1
17,5,18,40.63428116,-8.66015148,5,19,0,0,0,1
17,5,18,40.63427352,-8.66014956,5,19,0,0,0,1
17,5,19,40.63427352,-8.66014956,5,10,0,0,0,1
17,5,19,40.63427352,-8.66014956,5,10,0,0,0,1
17,5,19,40.63427352,-8.66014956,5,10,0,0,0,1
17,5,20,40.63427352,-8.66014956,5,10,0,0,0,1
17,5,20,40.63427352,-8.66014768,5,10,0,0,0,1
17,5,21,40.63427352,-8.66014768,5,10,0,0,0,1
17,5,21,40.63427352,-8.66014768,5,10,0,0,0,1
17,5,21,40.63427352,-8.66014768,5,10,0,0,0,1
17,5,22,40.63427352,-8.66014768,5,10,0,0,0,1
17,5,22,40.63426972,-8.66014768,5,10,0,0,0,1
17,5,22,40.63426972,-8.66014672,5,10,0,0,0,1
17,5,23,40.63426972,-8.66014672,5,10,0,0,0,1
17,5,23,40.63426972,-8.66014672,5,10,0,0,0,1
17,5,23,40.63426972,-8.66014672,5,11,0,0,0,1
17,5,24,40.63426972,-8.66014480,5,11,0,0,0,1
17,5,24,40.63426972,-8.66014384,5,11,0,0,0,1
17,5,24,40.63426972,-8.66014384,5,11,0,0,0,1
17,5,25,40.63426972,-8.66014384,5,11,0,0,0,1
17,5,25,40.63426972,-8.66014288,5,11,0,0,0,1
17,5,25,40.63426972,-8.66014288,5,11,0,0,0,1
17,5,26,40.63426972,-8.66014288,5,12,0,0,0,1
17,5,26,40.63426972,-8.66014288,5,12,0,0,0,1
17,5,26,40.63426972,-8.66014288,5,12,0,0,0,1
17,5,27,40.63426972,-8.66014288,5,12,0,0,0,1
17,5,27,40.63426972,-8.66014288,5,12,0,0,0,1
17,5,27,40.63426972,-8.66014288,5,12,0,0,0,1
17,5,28,40.63426972,-8.66014288,5,13,0,0,0,1
17,5,28,40.63426972,-8.66014288,5,13,0,0,0,1
17,5,28,40.63426972,-8.66014288,5,13,0,0,0,1
17,5,29,40.63426972,-8.66014288,5,13,0,0,0,1
17,5,29,40.63426972,-8.66014288,5,13,0,0,0,1
17,5,29,40.63426972,-8.66014288,5,13,0,0,0,1
17,5,30,40.63426972,-8.66014288,5,13,0,0,0,1
17,5,30,40.63426972,-8.66014288,5,12,0,0,0,1
17,5,30,40.63426972,-8.66014288,5,12,0,0,0,1
17,5,31,40.63426588,-8.66014288,5,12,0,0,0,1
17,5,31,40.63426972,-8.66014288,5,12,0,0,0,1
17,5,31,40.63426972,-8.66014384,5,12,0,0,0,1
17,5,32,40.63426972,-8.66014384,5,12,0,0,0,1
17,5,32,40.63426972,-8.66014384,5,12,0,0,0,1
17,5,32,40.63426972,-8.66014384,5,12,0,0,0,1
17,5,33,40.63426972,-8.66014384,5,12,0,0,0,1
17,5,33,40.63426972,-8.66014480,5,12,0,0,0,1
17,5,33,40.63426972,-8.66014480,5,12,0,0,0,1
17,5,34,40.63426972,-8.66014480,5,11,0,0,0,1
17,5,34,40.63426972,-8.66014480,5,11,0,0,0,1
17,5,34,40.63426972,-8.66014672,5,11,0,0,0,1
17,5,35,40.63426972,-8.66014672,5,11,0,0,0,1
17,5,35,40.63426972,-8.66014672,5,11,0,0,0,1
17,5,35,40.63426972,-8.66014672,5,11,0,0,0,1
17,5,36,40.63426972,-8.66014672,5,11,0,0,0,1
17,5,36,40.63426972,-8.66014672,5,10,0,0,0,1
17,5,36,40.63426972,-8.66014672,5,10,0,0,0,1
17,5,37,40.63426972,-8.66014672,5,10,0,0,0,1
17,5,37,40.63426972,-8.66014672,5,10,0,0,0,1
17,5,37,40.63426972,-8.66014672,5,10,0,0,0,1
17,5,38,40.63426972,-8.66014672,5,10,0,0,0,1
17,5,38,40.63426972,-8.66014480,5,10,0,0,0,1
17,5,38,40.63426972,-8.66014480,5,10,0,0,0,1
17,5,39,40.63426972,-8.66014480,5,11,0,0,0,1
17,5,39,40.63426972,-8.66014480,5,11,0,0,0,1
17,5,39,40.63426972,-8.66014480,5,11,0,0,0,1
17,5,40,40.63426972,-8.66014480,5,10,0,0,0,1
17,5,40,40.63426972,-8.66014480,5,10,0,0,0,1
17,5,40,40.63426972,-8.66014384,5,10,0,0,0,1
17,5,41,40.63426972,-8.66014384,5,10,0,0,0,1
17,5,41,40.63426972,-8.66014384,5,20,0,0,0,1
17,5,41,40.63426972,-8.66014384,5,20,0,0,0,1
17,5,42,40.63426972,-8.66014384,5,20,0,0,0,1
17,5,42,40.63426972,-8.66014384,5,20,0,0,0,1
17,5,42,40.63426972,-8.66014384,5,20,0,0,0,1
17,5,43,40.63426972,-8.66014384,5,21,0,0,0,1
17,5,43,40.63426972,-8.66014288,5,21,0,0,0,1
17,5,43,40.63426972,-8.66014288,5,21,0,0,0,1
17,5,44,40.63426972,-8.66014288,5,21,0,0,0,1
17,5,44,40.63426972,-8.66014288,5,21,0,0,0,1
17,5,44,40.63426972,-8.66014288,5,21,0,0,0,1
17,5,45,40.63426972,-8.66014288,5,21,0,0,0,1
17,5,45,40.63426972,-8.66014288,5,21,0,0,0,1
17,5,45,40.63426972,-8.66014288,5,21,0,0,0,1
17,5,46,40.63426972,-8.66014288,5,21,0,0,0,1
17,5,46,40.63426972,-8.66014288,5,21,0,0,0,1
17,5,46,40.63426972,-8.66014288,5,21,0,0,0,1
17,5,47,40.63426972,-8.66014288,5,21,0,0,0,1
17,5,47,40.63426972,-8.66014288,5,21,0,0,0,1
17,5,47,40.63426972,-8.66014288,5,21,0,0,0,1
17,5,48,40.63426972,-8.66014288,5,21,0,0,0,1
17,5,48,40.63426972,-8.66014288,5,21,0,0,0,1
17,5,48,40.63426972,-8.66014288,5,21,0,0,0,1
17,5,49,40.63426972,-8.66014288,5,20,0,0,0,1
17,5,49,40.63426972,-8.66014288,5,21,0,0,0,1
17,5,49,40.63426972,-8.66014288,5,21,0,0,0,1
17,5,50,40.63426972,-8.66014288,5,21,0,0,0,1
17,5,50,40.63426972,-8.66014288,5,12,0,0,0,1
17,5,50,40.63426972,-8.66014288,5,12,0,0,0,1
17,5,51,40.63426972,-8.66014288,5,12,0,0,0,1
17,5,51,40.63426972,-8.66014384,5,12,0,0,0,1
17,5,51,40.63427352,-8.66014384,5,12,0,0,0,1
17,5,52,40.63426972,-8.66014384,5,12,0,0,0,1
17,5,52,40.63426972,-8.66014384,5,12,0,0,0,1
17,5,52,40.63426972,-8.66014384,5,12,0,0,0,1
17,5,53,40.63426972,-8.66014384,5,12,0,0,0,1
17,5,53,40.63426972,-8.66014384,5,12,0,0,0,1
17,5,53,40.63426972,-8.66014384,5,12,0,0,0,1
17,5,54,40.63426972,-8.66014384,5,12,0,0,0,1
17,5,54,40.63426972,-8.66014384,5,12,0,0,0,1
17,5,54,40.63426972,-8.66014480,5,12,0,0,0,1
17,5,55,40.63426972,-8.66014480,5,12,0,0,0,1
17,5,55,40.63426972,-8.66014480,5,12,0,0,0,1
17,5,55,40.63426972,-8.66014480,5,12,0,0,0,1
17,5,56,40.63426972,-8.66014480,5,11,0,0,0,1
17,5,56,40.63426972,-8.66014480,5,11,0,0,0,1
17,5,56,40.63426972,-8.66014480,5,11,0,0,0,1
17,5,57,40.63426972,-8.66014480,5,11,0,0,0,1
17,5,57,40.63426972,-8.66014480,5,11,0,0,0,1
17,5,57,40.63426972,-8.66014480,5,11,0,0,0,1
17,5,58,40.63426972,-8.66014480,5,11,0,0,0,1
17,5,58,40.63426972,-8.66014480,5,11,0,0,0,1
17,5,58,40.63426972,-8.66014480,5,11,0,0,0,1
17,5,59,40.63426972,-8.66014480,5,11,0,0,0,1
17,5,59,40.63426972,-8.66014480,5,11,0,0,0,1
17,5,59,40.63426972,-8.66014480,5,11,0,0,0,1
17,6,0,40.63426972,-8.66014480,5,11,0,0,0,1
17,6,0,40.63426972,-8.66014480,5,11,0,0,0,1
17,6,0,40.63426972,-8.66014480,5,11,0,0,0,1
17,6,1,40.63426972,-8.66014480,5,11,0,0,0,1
17,6,1,40.63426972,-8.66014480,5,11,0,0,0,1
17,6,1,40.63426972,-8.66014480,5,11,0,0,0,1
17,6,2,40.63426972,-8.66014480,5,11,0,0,0,1
17,6,2,40.63426972,-8.66014480,5,21,0,0,0,1
17,6,2,40.63426972,-8.66014480,5,21,0,0,0,1
17,6,3,40.63426972,-8.66014480,5,21,0,0,0,1
17,6,3,40.63426972,-8.66014480,5,21,0,0,0,1
17,6,3,40.63426972,-8.66014480,5,21,0,0,0,1
17,6,4,40.63426972,-8.66014480,5,21,0,0,0,1
17,6,4,40.63426972,-8.66014480,5,21,0,0,0,1
17,6,4,40.63426972,-8.66014480,5,21,0,0,0,1
17,6,5,40.63426972,-8.66014480,5,21,0,0,0,1
17,6,5,40.63426972,-8.66014480,5,21,0,0,0,1
17,6,5,40.63426972,-8.66014480,5,21,0,0,0,1
17,6,6,40.63426972,-8.66014480,5,21,0,0,0,1
17,6,6,40.63426972,-8.66014480,5,21,0,0,0,1
17,6,6,40.63426972,-8.66014480,5,22,0,0,0,1
17,6,7,40.63426972,-8.66014480,5,22,0,0,0,1
17,6,7,40.63426972,-8.66014480,5,22,0,0,0,1
17,6,7,40.63426972,-8.66014480,5,22,0,0,0,1
17,6,8,40.63426972,-8.66014480,5,13,0,0,0,1
17,6,8,40.63426972,-8.66014384,5,13,0,0,0,1
17,6,8,40.63426972,-8.66014384,5,13,0,0,0,1
17,6,9,40.63426972,-8.66014384,5,13,0,0,0,1
17,6,9,40.63426972,-8.66014384,5,13,0,0,0,1
17,6,9,40.63426972,-8.66014384,5,13,0,0,0,1
17,6,10,40.63426972,-8.66014384,5,13,0,0,0,1
17,6,10,40.63426972,-8.66014384,5,13,0,0,0,1
17,6,10,40.63426972,-8.66014384,5,13,0,0,0,1
17,6,11,40.63426972,-8.66014384,5,14,0,0,0,1
17,6,11,40.63426972,-8.66014384,5,14,0,0,0,1
17,6,11,40.63426972,-8.66014384,5,14,0,0,0,1
17,6,12,40.63426972,-8.66014384,5,14,0,0,0,1
17,6,12,40.63426972,-8.66014384,5,14,0,0,0,1
17,6,12,40.63426972,-8.66014384,5,14,0,0,0,1
17,6,13,40.63426972,-8.66014384,5,14,0,0,0,1
17,6,13,40.63426972,-8.66014384,5,14,0,0,0,1
17,6,13,40.63426972,-8.66014384,5,14,0,0,0,1
17,6,14,40.63426972,-8.66014384,5,14,0,0,0,1
17,6,14,40.63426972,-8.66014384,5,14,0,0,0,1
17,6,14,40.63426972,-8.66014384,5,15,0,0,0,1
17,6,15,40.63426972,-8.66014384,5,15,0,0,0,1
17,6,15,40.63426972,-8.66014384,5,15,0,0,0,1
17,6,15,40.63426972,-8.66014384,5,15,0,0,0,1
17,6,16,40.63426972,-8.66014384,5,15,0,0,0,1
17,6,16,40.63426972,-8.66014384,5,15,0,0,0,1
17,6,16,40.63426972,-8.66014288,5,16,0,0,0,1
17,6,17,40.63426972,-8.66014288,5,16,0,0,0,1
17,6,17,40.63426972,-8.66014288,5,16,0,0,0,1
17,6,17,40.63426972,-8.66014288,5,16,0,0,0,1
17,6,18,40.63426972,-8.66014288,5,16,0,0,0,1
17,6,18,40.63426972,-8.66014384,5,21,0,0,0,1
17,6,18,40.63426972,-8.66014384,5,21,0,0,0,1
17,6,19,40.63426972,-8.66014288,5,21,0,0,0,1
17,6,19,40.63426972,-8.66014384,5,21,0,0,0,1
17,6,19,40.63426972,-8.66014384,5,21,0,0,0,1
17,6,20,40.63426972,-8.66014384,5,21,0,0,0,1
17,6,20,40.63426972,-8.66014384,5,21,0,0,0,1
17,6,20,40.63426972,-8.66014384,5,21,0,0,0,1
17,6,21,40.63426972,-8.66014384,5,21,0,0,0,1
17,6,21,40.63426972,-8.66014384,5,21,0,0,0,1
17,6,21,40.63426972,-8.66014384,5,21,0,0,0,1
17,6,22,40.63426972,-8.66014384,5,21,0,0,0,1
17,6,22,40.63426588,-8.66014384,5,21,0,0,0,1
17,6,22,40.63426588,-8.66014384,5,21,0,0,0,1
17,6,23,40.63426588,-8.66014384,5,21,0,0,0,1
17,6,23,40.63426588,-8.66014384,5,21,0,0,0,1
17,6,23,40.63426588,-8.66014384,5,21,0,0,0,1
17,6,24,40.63426588,-8.66014384,5,21,0,0,0,1
17,6,24,40.63426588,-8.66014384,5,21,0,0,0,1
17,6,24,40.63426588,-8.66014384,5,21,0,0,0,1
17,6,25,40.63426588,-8.66014384,5,21,0,0,0,1
17,6,25,40.63426588,-8.66014384,5,21,0,0,0,1
17,6,25,40.63426588,-8.66014384,5,21,0,0,0,1
17,6,26,40.63426588,-8.66014384,5,21,0,0,0,1
17,6,26,40.63426588,-8.66014384,5,21,0,0,0,1
17,6,26,40.63426588,-8.66014384,5,21,0,0,0,1
17,6,27,40.63426588,-8.66014384,5,21,0,0,0,1
17,6,27,40.63426588,-8.66014384,5,21,0,0,0,1
17,6,27,40.63426588,-8.66014384,5,21,0,0,0,1
17,6,28,40.63426588,-8.66014384,5,21,0,0,0,1
17,6,28,40.63426588,-8.66014384,5,21,0,0,0,1
17,6,29,40.63426588,-8.66014384,5,18,0,0,0,1
17,6,29,40.63426588,-8.66014384,5,18,0,0,0,1
17,6,29,40.63426588,-8.66014384,5,18,0,0,0,1
17,6,30,40.63426588,-8.66014384,5,18,0,0,0,1
17,6,30,40.63426588,-8.66014384,5,18,0,0,0,1
17,6,30,40.63426588,-8.66014384,5,18,0,0,0,1
17,6,31,40.63426588,-8.66014384,5,18,0,0,0,1
17,6,31,40.63426588,-8.66014384,5,18,0,0,0,1
17,6,31,40.63426588,-8.66014384,5,18,0,0,0,1
17,6,32,40.63426588,-8.66014384,5,19,0,0,0,1
17,6,32,40.63426588,-8.66014384,5,19,0,0,0,1
17,6,32,40.63426588,-8.66014384,5,19,0,0,0,1
17,6,33,40.63426588,-8.66014384,5,19,0,0,0,1
17,6,33,40.63426588,-8.66014384,5,19,0,0,0,1
17,6,33,40.63426588,-8.66014384,5,19,0,0,0,1
17,6,34,40.63426588,-8.66014384,5,19,0,0,0,1
17,6,34,40.63426588,-8.66014384,5,19,0,0,0,1
17,6,34,40.63426588,-8.66014384,5,19,0,0,0,1
17,6,35,40.63426588,-8.66014384,5,19,0,0,0,1
17,6,35,40.63426588,-8.66014384,5,19,0,0,0,1
17,6,35,40.63426588,-8.66014384,5,19,0,0,0,1
17,6,36,40.63426588,-8.66014384,5,19,0,0,0,1
17,6,36,40.63426588,-8.66014384,5,19,0,0,0,1
17,6,36,40.63426588,-8.66014384,5,19,0,0,0,1
17,6,37,40.63426588,-8.66014384,5,19,0,0,0,1
17,6,37,40.63426588,-8.66014384,5,18,0,0,0,1
17,6,37,40.63426588,-8.66014384,5,18,0,0,0,1
17,6,38,40.63426588,-8.66014384,5,18,0,0,0,1
17,6,38,40.63426588,-8.66014384,5,18,0,0,0,1
17,6,38,40.63426588,-8.66014384,5,18,0,0,0,1
17,6,39,40.63426588,-8.66014384,5,18,0,0,0,1
17,6,39,40.63426588,-8.66014384,5,18,0,0,0,1
17,6,39,40.63426588,-8.66014384,5,18,0,0,0,1
17,6,40,40.63426588,-8.66014384,5,18,0,0,0,1
17,6,40,40.63426588,-8.66014384,5,18,0,0,0,1
17,6,40,40.63426588,-8.66014384,5,21,0,0,0,1
17,6,41,40.63426588,-8.66014384,5,21,0,0,0,1
17,6,41,40.63426588,-8.66014384,5,21,0,0,0,1
17,6,41,40.63426588,-8.66014384,5,21,0,0,0,1
17,6,42,40.63426588,-8.66014384,5,22,0,0,0,1
17,6,42,40.63426588,-8.66014384,5,22,0,0,0,1
17,6,42,40.63426588,-8.66014384,5,22,0,0,0,1
17,6,43,40.63426588,-8.66014384,5,22,0,0,0,1
17,6,43,40.63426588,-8.66014384,5,22,0,0,0,1
17,6,43,40.63426588,-8.66014384,5,22,0,0,0,1
17,6,44,40.63426588,-8.66014384,5,22,0,0,0,1
17,6,44,40.63426588,-8.66014384,5,22,0,0,0,1
17,6,44,40.63426588,-8.66014384,5,22,0,0,0,1
17,6,45,40.63426588,-8.66014384,5,22,0,0,0,1
17,6,45,40.63426588,-8.66014384,5,22,0,0,0,1
17,6,45,40.63426588,-8.66014384,5,22,0,0,0,1
17,6,46,40.63426588,-8.66014384,5,23,0,0,0,1
17,6,46,40.63426588,-8.66014384,5,23,0,0,0,1
17,6,46,40.63426588,-8.66014288,5,23,0,0,0,1
17,6,47,40.63426588,-8.66014288,5,23,0,0,0,1
17,6,47,40.63426588,-8.66014288,5,23,0,0,0,1
17,6,47,40.63426588,-8.66014288,5,23,0,0,0,1
17,6,48,40.63426588,-8.66014288,5,23,0,0,0,1
17,6,48,40.63426588,-8.66014288,5,24,0,0,0,1
17,6,48,40.63426588,-8.66014288,5,24,0,0,0,1
17,6,49,40.63426588,-8.66014288,5,24,0,0,0,1
17,6,49,40.63426588,-8.66014288,5,24,0,0,0,1
17,6,49,40.63426588,-8.66014288,5,24,0,0,0,1
17,6,50,40.63426588,-8.66014288,5,24,0,0,0,1
17,6,50,40.63426588,-8.66014288,5,24,0,0,0,1
17,6,50,40.63426588,-8.66014288,5,24,0,0,0,1
17,6,51,40.63426588,-8.66014288,5,24,0,0,0,1
17,6,51,40.63426588,-8.66014288,5,24,0,0,0,1
17,6,51,40.63426588,-8.66014288,5,24,0,0,0,1
17,6,52,40.63426588,-8.66014288,5,24,0,0,0,1
17,6,52,40.63426588,-8.66014288,5,24,0,0,0,1
17,6,52,40.63426588,-8.66014288,5,24,0,0,0,1
17,6,53,40.63426588,-8.66014288,5,24,0,0,0,1
17,6,53,40.63426588,-8.66014288,5,24,0,0,0,1
17,6,53,40.63426588,-8.66014288,5,24,0,0,0,1
17,6,54,40.63426588,-8.66014288,5,24,0,0,0,1
17,6,54,40.63426588,-8.66014288,5,24,0,0,0,1
17,6,54,40.63426588,-8.66014288,5,24,0,0,0,1
17,6,55,40.63426588,-8.66014288,5,24,0,0,0,1
17,6,55,40.63426588,-8.66014288,5,24,0,0,0,1
17,6,55,40.63426588,-8.66014288,5,24,0,0,0,1
17,6,56,40.63426588,-8.66014288,5,24,0,0,0,1
17,6,56,40.63426588,-8.66014288,5,24,0,0,0,1
17,6,56,40.63426588,-8.66014288,5,24,0,0,0,1
17,6,57,40.63426588,-8.66014288,5,24,0,0,0,1
17,6,57,40.63426588,-8.66014288,5,24,0,0,0,1
17,6,57,40.63426588,-8.66014288,5,24,0,0,0,1
17,6,58,40.63426588,-8.66014288,5,24,0,0,0,1
17,6,58,40.63426588,-8.66014288,5,25,0,0,0,1
17,6,58,40.63426588,-8.66014288,5,25,0,0,0,1
17,6,59,40.63426588,-8.66014288,5,25,0,0,0,1
17,6,59,40.63426588,-8.66014288,5,25,0,0,0,1
17,6,59,40.63426588,-8.66014288,5,25,0,0,0,1
17,7,0,40.63426588,-8.66014288,5,25,0,0,0,1
17,7,0,40.63426588,-8.66014288,5,25,0,0,0,1
17,7,0,40.63426588,-8.66014288,5,25,0,0,0,1
17,7,1,40.63426588,-8.66014288,5,25,0,0,0,1
17,7,1,40.63426588,-8.66014288,5,25,0,0,0,1
17,7,1,40.63426588,-8.66014288,5,24,0,0,0,1
17,7,2,40.63426588,-8.66014288,5,24,0,0,0,1
17,7,2,40.63426588,-8.66014288,5,24,0,0,0,1
17,7,2,40.63426588,-8.66014288,5,24,0,0,0,1
17,7,3,40.63426588,-8.66014288,5,24,0,0,0,1
17,7,3,40.63426588,-8.66014288,5,24,0,0,0,1
17,7,3,40.63426588,-8.66014288,5,24,0,0,0,1
17,7,4,40.63426588,-8.66014288,5,24,0,0,0,1
17,7,4,40.63426588,-8.66014288,5,24,0,0,0,1
17,7,4,40.63426588,-8.66014288,5,24,0,0,0,1
17,7,5,40.63426588,-8.66014288,5,24,0,0,0,1
17,7,5,40.63426588,-8.66014288,5,24,0,0,0,1
17,7,5,40.63426588,-8.66014288,5,24,0,0,0,1
17,7,6,40.63426588,-8.66014288,5,24,0,0,0,1
17,7,6,40.63426588,-8.66014288,5,24,0,0,0,1
17,7,6,40.63426588,-8.66014288,5,24,0,0,0,1
17,7,7,40.63426588,-8.66014288,5,24,0,0,0,1
17,7,7,40.63426588,-8.66014196,5,24,0,0,0,1
17,7,7,40.63426588,-8.66014196,5,24,0,0,0,1
17,7,8,40.63426588,-8.66014196,5,24,0,0,0,1
17,7,8,40.63426588,-8.66014196,5,24,0,0,0,1
17,7,8,40.63426588,-8.66014196,5,24,0,0,0,1
17,7,9,40.63426588,-8.66014196,5,24,0,0,0,1
17,7,9,40.63426588,-8.66014196,5,24,0,0,0,1
17,7,9,40.63426588,-8.66014196,5,24,0,0,0,1
17,7,10,40.63426588,-8.66014196,5,24,0,0,0,1
17,7,10,40.63426588,-8.66014196,5,24,0,0,0,1
17,7,10,40.63426588,-8.66014196,5,24,0,0,0,1
17,7,11,40.63426588,-8.66014196,5,24,0,0,0,1
17,7,11,40.63426588,-8.66014196,5,24,0,0,0,1
17,7,11,40.63426588,-8.66014196,5,24,0,0,0,1
17,7,12,40.63426588,-8.66014196,5,23,0,0,0,1
17,7,12,40.63426588,-8.66014196,5,23,0,0,0,1
17,7,12,40.63426588,-8.66014196,5,23,0,0,0,1
17,7,13,40.63426588,-8.66014196,5,24,0,0,0,1
17,7,13,40.63426588,-8.66014196,5,24,0,0,0,1
17,7,13,40.63426588,-8.66014004,5,24,0,0,0,1
17,7,14,40.63426588,-8.66014004,5,24,0,0,0,1
17,7,14,40.63426588,-8.66014004,5,24,0,0,0,1
17,7,14,40.63426588,-8.66014004,5,24,0,0,0,1
17,7,15,40.63426588,-8.66014004,5,23,0,0,0,1
17,7,15,40.63426588,-8.66014004,5,23,0,0,0,1
17,7,15,40.63426588,-8.66014004,5,23,0,0,0,1
17,7,16,40.63426588,-8.66014004,5,24,0,0,0,1
17,7,16,40.63426588,-8.66014004,5,24,0,0,0,1
17,7,16,40.63426588,-8.66014004,5,24,0,0,0,1
17,7,17,40.63426588,-8.66014004,5,24,0,0,0,1
17,7,17,40.63426588,-8.66014004,5,24,0,0,0,1
17,7,17,40.63426588,-8.66014004,5,24,0,0,0,1
17,7,18,40.63426588,-8.66014004,5,24,0,0,0,1
17,7,18,40.63426588,-8.66014004,5,24,0,0,0,1
17,7,18,40.63426588,-8.66014004,5,24,0,0,0,1
17,7,19,40.63426588,-8.66014004,5,24,0,0,0,1
17,7,19,40.63426588,-8.66014004,5,24,0,0,0,1
17,7,19,40.63426588,-8.66014004,5,24,0,0,0,1
17,7,20,40.63426588,-8.66014004,5,24,0,0,0,1
17,7,20,40.63426588,-8.66014004,5,24,0,0,0,1
17,7,20,40.63426588,-8.66014004,5,24,0,0,0,1
17,7,21,40.63426588,-8.66014004,5,24,0,0,0,1
17,7,21,40.63426588,-8.66014004,5,25,0,0,0,1
17,7,21,40.63426588,-8.66014004,5,25,0,0,0,1
17,7,22,40.63426588,-8.66014004,5,25,0,0,0,1
17,7,22,40.63426588,-8.66014004,5,25,0,0,0,1
17,7,22,40.63426588,-8.66014004,5,25,0,0,0,1
17,7,23,40.63426588,-8.66014004,5,25,0,0,0,1
17,7,23,40.63426588,-8.66014004,5,25,0,0,0,1
17,7,23,40.63426588,-8.66014004,5,25,0,0,0,1
17,7,24,40.63426588,-8.66014004,5,25,0,0,0,1
17,7,24,40.63426588,-8.66014004,5,25,0,0,0,1
17,7,24,40.63426588,-8.66014004,5,25,0,0,0,1
17,7,25,40.63426588,-8.66014004,5,25,0,0,0,1
17,7,25,40.63426588,-8.66014004,5,25,0,0,0,1
17,7,25,40.63426588,-8.66014196,5,25,0,0,0,1
17,7,26,40.63426588,-8.66014196,5,25,0,0,0,1
17,7,26,40.63426588,-8.66014196,5,25,0,0,0,1
17,7,26,40.63426588,-8.66014196,5,25,0,0,0,1
17,7,27,40.63426588,-8.66014196,5,26,0,0,0,1
17,7,27,40.63426588,-8.66014196,5,26,0,0,0,1
17,7,27,40.63426588,-8.66014196,5,26,0,0,0,1
17,7,28,40.63426588,-8.66014196,5,26,0,0,0,1
17,7,28,40.63426588,-8.66014196,5,26,0,0,0,1
17,7,28,40.63426588,-8.66014196,5,26,0,0,0,1
17,7,29,40.63426588,-8.66014196,5,26,0,0,0,1
17,7,29,40.63426588,-8.66014196,5,26,0,0,0,1
17,7,29,40.63426588,-8.66014196,5,26,0,0,0,1
17,7,30,40.63426588,-8.66014196,5,26,0,0,0,1
17,7,30,40.63426588,-8.66014196,5,26,0,0,0,1
17,7,30,40.63426588,-8.66014196,5,26,0,0,0,1
17,7,31,40.63426588,-8.66014196,5,26,0,0,0,1
17,7,31,40.63426588,-8.66014196,5,26,0,0,0,1
17,7,31,40.63426588,-8.66014196,5,26,0,0,0,1
17,7,31,40.63426588,-8.66014196,5,26,0,0,0,1
17,7,32,40.63426588,-8.66014196,5,26,0,0,0,1
17,7,32,40.63426588,-8.66014196,5,26,0,0,0,1
17,7,33,40.63426588,-8.66014196,5,26,0,0,0,1
17,7,33,40.63426588,-8.66014196,5,27,0,0,0,1
17,7,33,40.63426588,-8.66014288,5,27,0,0,0,1
17,7,34,40.63426588,-8.66014288,5,27,0,0,0,1
17,7,34,40.63426588,-8.66014288,5,27,0,0,0,1
17,7,34,40.63426588,-8.66014288,5,27,0,0,0,1
17,7,35,40.63426588,-8.66014288,5,27,0,0,0,1
17,7,35,40.63426588,-8.66014288,5,27,0,0,0,1
17,7,35,40.63426588,-8.66014288,5,27,0,0,0,1
17,7,36,40.63426588,-8.66014288,5,27,0,0,0,1
17,7,36,40.63426588,-8.66014288,5,27,0,0,0,1
17,7,36,40.63426588,-8.66014288,5,27,0,0,0,1
17,7,37,40.63426588,-8.66014288,5,27,0,0,0,1
17,7,37,40.63426588,-8.66014288,5,27,0,0,0,1
17,7,37,40.63426588,-8.66014288,5,27,0,0,0,1
17,7,38,40.63426588,-8.66014288,5,27,0,0,0,1
17,7,38,40.63426588,-8.66014288,5,27,0,0,0,1
17,7,38,40.63426588,-8.66014288,5,27,0,0,0,1
17,7,39,40.63426588,-8.66014288,5,27,0,0,0,1
17,7,39,40.63426588,-8.66014288,5,27,0,0,0,1
17,7,39,40.63426588,-8.66014288,5,27,0,0,0,1
17,7,40,40.63426588,-8.66014288,5,27,0,0,0,1
17,7,40,40.63426588,-8.66014288,5,27,0,0,0,1
17,7,40,40.63426588,-8.66014288,5,27,0,0,0,1
17,7,41,40.63426588,-8.66014288,5,27,0,0,0,1
17,7,41,40.63426588,-8.66014288,5,27,0,0,0,1
17,7,41,40.63426588,-8.66014288,5,27,0,0,0,1
17,7,42,40.63426588,-8.66014288,5,27,0,0,0,1
17,7,42,40.63426588,-8.66014288,5,27,0,0,0,1
17,7,42,40.63426588,-8.66014288,5,27,0,0,0,1
17,7,43,40.63426588,-8.66014288,5,27,0,0,0,1
17,7,43,40.63426588,-8.66014288,5,27,0,0,0,1
17,7,43,40.63426588,-8.66014288,5,27,0,0,0,1
17,7,44,40.63426588,-8.66014288,5,27,0,0,0,1
17,7,44,40.63426588,-8.66014288,5,27,0,0,0,1
17,7,44,40.63426588,-8.66014288,5,27,0,0,0,1
17,7,45,40.63426588,-8.66014288,5,27,0,0,0,1
17,7,45,40.63426588,-8.66014288,5,27,0,0,0,1
17,7,45,40.63426588,-8.66014288,5,27,0,0,0,1
17,7,46,40.63426588,-8.66014288,5,27,0,0,0,1
17,7,46,40.63426588,-8.66014288,5,27,0,0,0,1
17,7,46,40.63426588,-8.66014288,5,27,0,0,0,1
17,7,47,40.63426588,-8.66014288,5,27,0,0,0,1
17,7,47,40.63426588,-8.66014288,5,27,0,0,0,1
17,7,47,40.63426588,-8.66014288,5,27,0,0,0,1
17,7,48,40.63426588,-8.66014288,5,27,0,0,0,1
17,7,48,40.63426588,-8.66014288,5,27,0,0,0,1
17,7,48,40.63426588,-8.66014288,5,27,0,0,0,1
17,7,49,40.63426588,-8.66014288,5,27,0,0,0,1
17,7,49,40.63426588,-8.66014288,5,27,0,0,0,1
17,7,49,40.63426588,-8.66014288,5,27,0,0,0,1
17,7,50,40.63426588,-8.66014288,5,27,0,0,0,1
17,7,50,40.63426588,-8.66014288,5,27,0,0,0,1
17,7,50,40.63426588,-8.66014288,5,27,0,0,0,1
17,7,51,40.63426588,-8.66014288,5,27,0,0,0,1
17,7,51,40.63426588,-8.66014288,5,27,0,0,0,1
17,7,51,40.63426588,-8.66014288,5,27,0,0,0,1
17,7,52,40.63426588,-8.66014288,5,27,0,0,0,1
17,7,52,40.63426588,-8.66014288,5,27,0,0,0,1
17,7,52,40.63426588,-8.66014288,5,27,0,0,0,1
17,7,53,40.63426588,-8.66014288,5,27,0,0,0,1
17,7,53,40.63426588,-8.66014288,5,27,0,0,0,1
17,7,53,40.63426588,-8.66014288,5,27,0,0,0,1
17,7,54,40.63426588,-8.66014288,5,27,0,0,0,1
17,7,54,40.63426588,-8.66014288,5,27,0,0,0,1
17,7,54,40.63426588,-8.66014288,5,27,0,0,0,1
17,7,55,40.63426588,-8.66014288,5,27,0,0,0,1
17,7,55,40.63426588,-8.66014288,5,24,0,0,0,1
17,7,55,40.63426588,-8.66014288,5,24,0,0,0,1
17,7,56,40.63426588,-8.66014288,5,24,0,0,0,1
17,7,56,40.63426588,-8.66014288,5,24,0,0,0,1
17,7,56,40.63426588,-8.66014288,5,24,0,0,0,1
17,7,57,40.63426588,-8.66014288,5,24,0,0,0,1
17,7,57,40.63426588,-8.66014288,5,24,0,0,0,1
17,7,57,40.63426588,-8.66014288,5,24,0,0,0,1
17,7,58,40.63426588,-8.66014288,5,24,0,0,0,1
17,7,58,40.63426588,-8.66014288,5,24,0,0,0,1
17,7,58,40.63426588,-8.66014288,5,24,0,0,0,1
17,7,59,40.63426588,-8.66014288,5,24,0,0,0,1
17,7,59,40.63426588,-8.66014288,5,24,0,0,0,1
17,7,59,40.63426588,-8.66014288,5,24,0,0,0,1
17,8,0,40.63426588,-8.66014288,5,24,0,0,0,1
17,8,0,40.63426588,-8.66014288,5,24,0,0,0,1
17,8,0,40.63426588,-8.66014288,5,24,0,0,0,1
17,8,1,40.63426588,-8.66014288,5,24,0,0,0,1
17,8,1,40.63426588,-8.66014288,5,23,0,0,0,1
17,8,1,40.63426588,-8.66014288,5,23,0,0,0,1
17,8,2,40.63426588,-8.66014288,5,23,0,0,0,1
17,8,2,40.63426588,-8.66014288,5,23,0,0,0,1
17,8,2,40.63426588,-8.66014288,5,23,0,0,0,1
17,8,3,40.63426588,-8.66014288,5,23,0,0,0,1
17,8,3,40.63426588,-8.66014288,5,23,0,0,0,1
17,8,3,40.63426588,-8.66014288,5,23,0,0,0,1
17,8,4,40.63426588,-8.66014288,5,19,0,0,0,1
17,8,4,40.63426588,-8.66014288,5,19,0,0,0,1
17,8,4,40.63426588,-8.66014288,5,19,0,0,0,1
17,8,5,40.63426588,-8.66014288,5,19,0,0,0,1
17,8,5,40.63426588,-8.66014288,5,19,0,0,0,1
17,8,5,40.63426588,-8.66014288,5,19,0,0,0,1
17,8,6,40.63426588,-8.66014288,5,19,0,0,0,1
17,8,6,40.63426588,-8.66014288,5,19,0,0,0,1
17,8,6,40.63426588,-8.66014288,5,19,0,0,0,1
17,8,7,40.63426588,-8.66014288,5,19,0,0,0,1
17,8,7,40.63426588,-8.66014288,5,19,0,0,0,1
17,8,7,40.63426588,-8.66014288,5,19,0,0,0,1
17,8,8,40.63426588,-8.66014288,5,19,0,0,0,1
17,8,8,40.63426588,-8.66014288,5,19,0,0,0,1
17,8,8,40.63426588,-8.66014288,5,19,0,0,0,1
17,8,9,40.63426588,-8.66014288,5,19,0,0,0,1
17,8,9,40.63426588,-8.66014288,5,19,0,0,0,1
17,8,9,40.63426588,-8.66014288,5,19,0,0,0,1
17,8,9,40.63426588,-8.66014288,5,19,0,0,0,1
17,8,10,40.63426588,-8.66014288,5,19,0,0,0,1
17,8,10,40.63426588,-8.66014288,5,19,0,0,0,1
17,8,11,40.63426588,-8.66014288,5,19,0,0,0,1
17,8,11,40.63426588,-8.66014288,5,19,0,0,0,1
17,8,11,40.63426588,-8.66014288,5,19,0,0,0,1
17,8,12,40.63426588,-8.66014288,5,19,0,0,0,1
17,8,12,40.63426588,-8.66014288,5,19,0,0,0,1
17,8,12,40.63426588,-8.66014288,5,19,0,0,0,1
17,8,13,40.63426588,-8.66014288,5,19,0,0,0,1
17,8,13,40.63426588,-8.66014288,5,19,0,0,0,1
17,8,13,40.63426588,-8.66014384,5,18,0,0,0,1
17,8,14,40.63426588,-8.66014384,5,18,0,0,0,1
17,8,14,40.63426588,-8.66014384,5,18,0,0,0,1
17,8,14,40.63426588,-8.66014384,5,18,0,0,0,1
17,8,15,40.63426588,-8.66014384,5,18,0,0,0,1
17,8,15,40.63426588,-8.66014384,5,20,0,0,0,1
17,8,15,40.63426588,-8.66014384,5,20,0,0,0,1
17,8,16,40.63426588,-8.66014384,5,20,0,0,0,1
17,8,16,40.63426588,-8.66014384,5,20,0,0,0,1
17,8,16,40.63426588,-8.66014384,5,20,0,0,0,1
17,8,17,40.63426588,-8.66014384,5,20,0,0,0,1
17,8,17,40.63426588,-8.66014384,5,20,0,0,0,1
17,8,17,40.63426588,-8.66014384,5,20,0,0,0,1
17,8,18,40.63426588,-8.66014384,5,20,0,0,0,1
17,8,18,40.63426588,-8.66014384,5,20,0,0,0,1
17,8,18,40.63426588,-8.66014384,5,20,0,0,0,1
17,8,19,40.63426588,-8.66014384,5,20,0,0,0,1
17,8,19,40.63426588,-8.66014384,5,20,0,0,0,1
17,8,19,40.63426588,-8.66014384,5,20,0,0,0,1
17,8,20,40.63426588,-8.66014384,5,20,0,0,0,1
17,8,20,40.63426588,-8.66014384,5,20,0,0,0,1
17,8,20,40.63426588,-8.66014384,5,20,0,0,0,1
17,8,21,40.63426588,-8.66014384,5,20,0,0,0,1
17,8,21,40.63426588,-8.66014384,5,12,0,0,0,1
17,8,21,40.63426588,-8.66014384,5,12,0,0,0,1
17,8,22,40.63426588,-8.66014384,5,11,0,0,0,1
17,8,22,40.63426588,-8.66014384,5,11,0,0,0,1
17,8,22,40.63426588,-8.66014384,5,11,0,0,0,1
17,8,23,40.63426588,-8.66014384,5,11,0,0,0,1
17,8,23,40.63426588,-8.66014384,5,11,0,0,0,1
17,8,23,40.63426588,-8.66014384,5,11,0,0,0,1
17,8,24,40.63426588,-8.66014384,5,11,0,0,0,1
17,8,24,40.63426588,-8.66014384,5,11,0,0,0,1
17,8,24,40.63426588,-8.66014384,5,11,0,0,0,1
17,8,25,40.63426588,-8.66014384,5,11,0,0,0,1
17,8,25,40.63426588,-8.66014384,5,11,0,0,0,1
17,8,25,40.63426588,-8.66014384,5,11,0,0,0,1
17,8,26,40.63426588,-8.66014384,5,11,0,0,0,1
17,8,26,40.63426588,-8.66014384,5,11,0,0,0,1
17,8,26,40.63426588,-8.66014384,5,11,0,0,0,1
17,8,27,40.63426588,-8.66014384,5,11,0,0,0,1
17,8,27,40.63426588,-8.66014384,5,11,0,0,0,1
17,8,27,40.63426588,-8.66014384,5,11,0,0,0,1
17,8,28,40.63426588,-8.66014384,5,11,0,0,0,1
17,8,28,40.63426588,-8.66014384,5,11,0,0,0,1
17,8,28,40.63426588,-8.66014384,5,11,0,0,0,1
17,8,29,40.63426588,-8.66014384,5,17,0,0,0,1
17,8,29,40.63426588,-8.66014384,5,17,0,0,0,1
17,8,29,40.63426588,-8.66014384,5,17,0,0,0,1
17,8,30,40.63426588,-8.66014384,5,17,0,0,0,1
17,8,30,40.63426588,-8.66014384,5,17,0,0,0,1
17,8,30,40.63426588,-8.66014384,5,17,0,0,0,1
17,8,31,40.63426588,-8.66014384,5,18,0,0,0,1
17,8,31,40.63426588,-8.66014384,5,18,0,0,0,1
17,8,31,40.63426588,-8.66014384,5,18,0,0,0,1
17,8,32,40.63426588,-8.66014384,5,11,0,0,0,1
17,8,32,40.63426588,-8.66014384,5,11,0,0,0,1
17,8,32,40.63426588,-8.66014384,5,15,0,0,0,1
17,8,33,40.63426588,-8.66014384,5,15,0,0,0,1
17,8,33,40.63426588,-8.66014384,5,15,0,0,0,1
17,8,33,40.63426588,-8.66014384,5,15,0,0,0,1
17,8,34,40.63426588,-8.66014384,5,14,0,0,0,1
17,8,34,40.63426588,-8.66014384,5,14,0,0,0,1
17,8,34,40.63426588,-8.66014384,5,14,0,0,0,1
17,8,35,40.63426588,-8.66014384,5,14,0,0,0,1
17,8,35,40.63426588,-8.66014384,5,14,0,0,0,1
17,8,35,40.63426588,-8.66014384,5,14,0,0,0,1
17,8,36,40.63426588,-8.66014384,5,14,0,0,0,1
17,8,36,40.63426588,-8.66014384,5,14,0,0,0,1
17,8,36,40.63426588,-8.66014384,5,14,0,0,0,1
17,8,37,40.63426588,-8.66014384,5,14,0,0,0,1
17,8,37,40.63426588,-8.66014384,5,14,0,0,0,1
17,8,37,40.63426588,-8.66014384,5,14,0,0,0,1
17,8,38,40.63426588,-8.66014384,5,19,0,0,0,1
17,8,38,40.63426588,-8.66014384,5,19,0,0,0,1
17,8,38,40.63426588,-8.66014384,5,20,0,0,0,1
17,8,39,40.63426588,-8.66014384,5,20,0,0,0,1
17,8,39,40.63426588,-8.66014384,5,20,0,0,0,1
17,8,39,40.63426588,-8.66014384,5,20,0,0,0,1
17,8,40,40.63426588,-8.66014384,5,20,0,0,0,1
17,8,40,40.63426588,-8.66014384,5,20,0,0,0,1
17,8,40,40.63426588,-8.66014384,5,20,0,0,0,1
17,8,41,40.63426588,-8.66014384,5,20,0,0,0,1
17,8,41,40.63426588,-8.66014384,5,20,0,0,0,1
17,8,41,40.63426588,-8.66014384,5,20,0,0,0,1
17,8,42,40.63426588,-8.66014384,5,20,0,0,0,1
17,8,42,40.63426588,-8.66014384,5,19,0,0,0,1
17,8,42,40.63426588,-8.66014384,5,19,0,0,0,1
17,8,43,40.63426588,-8.66014384,5,12,0,0,0,1
17,8,43,40.63426588,-8.66014384,5,12,0,0,0,1
17,8,43,40.63426588,-8.66014384,5,12,0,0,0,1
17,8,44,40.63426588,-8.66014384,5,12,0,0,0,1
17,8,44,40.63426588,-8.66014384,5,12,0,0,0,1
17,8,44,40.63426588,-8.66014384,5,12,0,0,0,1
17,8,45,40.63426588,-8.66014384,5,12,0,0,0,1
17,8,45,40.63426588,-8.66014384,5,12,0,0,0,1
17,8,45,40.63426588,-8.66014384,5,12,0,0,0,1
17,8,46,40.63426588,-8.66014384,5,12,0,0,0,1
17,8,46,40.63426588,-8.66014384,5,12,0,0,0,1
17,8,46,40.63426588,-8.66014384,5,12,0,0,0,1
17,8,47,40.63426588,-8.66014384,5,12,0,0,0,1
17,8,47,40.63426588,-8.66014384,5,12,0,0,0,1
17,8,47,40.63426588,-8.66014384,5,12,0,0,0,1
17,8,48,40.63426588,-8.66014384,5,11,0,0,0,1
17,8,48,40.63426588,-8.66014384,5,11,0,0,0,1
17,8,48,40.63426588,-8.66014384,5,11,0,0,0,1
17,8,49,40.63426588,-8.66014384,5,11,0,0,0,1
17,8,49,40.63426588,-8.66014384,5,11,0,0,0,1
17,8,49,40.63426588,-8.66014384,5,11,0,0,0,1
17,8,50,40.63426588,-8.66014384,5,11,0,0,0,1
17,8,50,40.63426588,-8.66014384,5,11,0,0,0,1
17,8,50,40.63426588,-8.66014384,5,11,0,0,0,1
17,8,51,40.63426588,-8.66014384,5,11,0,0,0,1
17,8,51,40.63426588,-8.66014384,5,11,0,0,0,1
17,8,51,40.63426588,-8.66014384,5,11,0,0,0,1
17,8,52,40.63426588,-8.66014384,5,11,0,0,0,1
17,8,52,40.63426588,-8.66014384,5,11,0,0,0,1
17,8,52,40.63426588,-8.66014384,5,11,0,0,0,1
17,8,53,40.63426588,-8.66014384,5,11,0,0,0,1
17,8,53,40.63426588,-8.66014384,5,11,0,0,0,1
17,8,53,40.63426588,-8.66014384,5,11,0,0,0,1
17,8,54,40.63426588,-8.66014384,5,11,0,0,0,1
17,8,54,40.63426588,-8.66014384,5,11,0,0,0,1
17,8,54,40.63426588,-8.66014384,5,11,0,0,0,1
17,8,55,40.63426588,-8.66014384,5,16,0,0,0,1
17,8,55,40.63426588,-8.66014384,5,17,0,0,0,1
17,8,55,40.63426588,-8.66014384,5,17,0,0,0,1
17,8,56,40.63426588,-8.66014384,5,17,0,0,0,1
17,8,56,40.63426588,-8.66014384,5,17,0,0,0,1
17,8,56,40.63426588,-8.66014384,5,17,0,0,0,1
17,8,57,40.63426588,-8.66014384,5,17,0,0,0,1
17,8,57,40.63426588,-8.66014384,5,17,0,0,0,1
17,8,57,40.63426588,-8.66014384,5,17,0,0,0,1
17,8,58,40.63426588,-8.66014384,5,17,0,0,0,1
17,8,58,40.63426588,-8.66014384,5,17,0,0,0,1
17,8,58,40.63426588,-8.66014384,5,17,0,0,0,1
17,8,59,40.63426588,-8.66014384,5,17,0,0,0,1
17,8,59,40.63426588,-8.66014384,5,17,0,0,0,1
17,8,59,40.63426588,-8.66014384,5,17,0,0,0,1
17,9,0,40.63426588,-8.66014384,5,17,0,0,0,1
17,9,0,40.63426588,-8.66014384,5,21,0,0,0,1
17,9,0,40.63426588,-8.66014384,5,21,0,0,0,1
17,9,1,40.63426588,-8.66014384,5,22,0,0,0,1
17,9,1,40.63426588,-8.66014384,5,23,0,0,0,1
17,9,1,40.63426588,-8.66014384,5,23,0,0,0,1
17,9,2,40.63426588,-8.66014384,5,23,0,0,0,1
17,9,2,40.63426588,-8.66014384,5,23,0,0,0,1
17,9,2,40.63426588,-8.66014384,5,23,0,0,0,1
17,9,3,40.63426588,-8.66014384,5,23,0,0,0,1
17,9,3,40.63426588,-8.66014384,5,24,0,0,0,1
17,9,3,40.63426588,-8.66014384,5,24,0,0,0,1
17,9,4,40.63426588,-8.66014384,5,24,0,0,0,1
17,9,4,40.63426588,-8.66014384,5,24,0,0,0,1
17,9,4,40.63426588,-8.66014384,5,24,0,0,0,1
17,9,5,40.63426588,-8.66014384,5,24,0,0,0,1
17,9,5,40.63426588,-8.66014384,5,24,0,0,0,1
17,9,5,40.63426588,-8.66014384,5,24,0,0,0,1
17,9,6,40.63426588,-8.66014384,5,24,0,0,0,1
17,9,6,40.63426588,-8.66014384,5,24,0,0,0,1
17,9,6,40.63426588,-8.66014384,5,24,0,0,0,1
17,9,7,40.63426588,-8.66014384,5,24,0,0,0,1
17,9,7,40.63426588,-8.66014384,5,24,0,0,0,1
17,9,7,40.63426588,-8.66014384,5,24,0,0,0,1
17,9,8,40.63426588,-8.66014384,5,24,0,0,0,1
17,9,8,40.63426588,-8.66014384,5,24,0,0,0,1
17,9,8,40.63426588,-8.66014384,5,24,0,0,0,1
17,9,9,40.63426588,-8.66014384,5,24,0,0,0,1
17,9,9,40.63426588,-8.66014384,5,25,0,0,0,1
17,9,9,40.63426588,-8.66014384,5,25,0,0,0,1
17,9,10,40.63426588,-8.66014384,5,25,0,0,0,1
17,9,10,40.63426588,-8.66014384,5,25,0,0,0,1
17,9,10,40.63426588,-8.66014384,5,25,0,0,0,1
17,9,11,40.63426588,-8.66014384,5,25,0,0,0,1
17,9,11,40.63426588,-8.66014384,5,25,0,0,0,1
17,9,11,40.63426588,-8.66014384,5,25,0,0,0,1
17,9,12,40.63426588,-8.66014384,5,25,0,0,0,1
17,9,12,40.63426588,-8.66014384,5,25,0,0,0,1
17,9,12,40.63426588,-8.66014384,5,25,0,0,0,1
17,9,13,40.63426588,-8.66014384,5,21,0,0,0,1
17,9,13,40.63426588,-8.66014384,5,21,0,0,0,1
17,9,13,40.63426588,-8.66014384,5,21,0,0,0,1
17,9,14,40.63426588,-8.66014384,5,21,0,0,0,1
17,9,14,40.63426588,-8.66014384,5,21,0,0,0,1
17,9,14,40.63426588,-8.66014384,5,21,0,0,0,1
17,9,15,40.63426588,-8.66014384,5,21,0,0,0,1
17,9,15,40.63426588,-8.66014384,5,21,0,0,0,1
17,9,15,40.63426588,-8.66014384,5,21,0,0,0,1
17,9,16,40.63426588,-8.66014384,5,21,0,0,0,1
17,9,16,40.63426588,-8.66014384,5,21,0,0,0,1
17,9,16,40.63426588,-8.66014384,5,21,0,0,0,1
17,9,17,40.63426588,-8.66014384,5,21,0,0,0,1
17,9,17,40.63426588,-8.66014384,5,21,0,0,0,1
17,9,17,40.63426588,-8.66014384,5,21,0,0,0,1
17,9,18,40.63426588,-8.66014384,5,21,0,0,0,1
17,9,18,40.63426588,-8.66014384,5,27,0,0,0,1
17,9,18,40.63426588,-8.66014384,5,27,0,0,0,1
17,9,19,40.63426588,-8.66014384,5,27,0,0,0,1
17,9,19,40.63426588,-8.66014384,5,27,0,0,0,1
17,9,19,40.63426588,-8.66014384,5,27,0,0,0,1
17,9,20,40.63426588,-8.66014384,5,27,0,0,0,1
17,9,20,40.63426588,-8.66014384,5,27,0,0,0,1
17,9,20,40.63426588,-8.66014384,5,27,0,0,0,1
17,9,21,40.63426588,-8.66014384,5,27,0,0,0,1
17,9,21,40.63426588,-8.66014384,5,27,0,0,0,1
17,9,21,40.63426588,-8.66014384,5,27,0,0,0,1
17,9,22,40.63426588,-8.66014384,5,27,0,0,0,1
17,9,22,40.63426588,-8.66014384,5,27,0,0,0,1
17,9,22,40.63426588,-8.66014384,5,27,0,0,0,1
17,9,23,40.63426588,-8.66014384,5,27,0,0,0,1
17,9,23,40.63426588,-8.66014384,5,27,0,0,0,1
17,9,23,40.63426588,-8.66014384,5,27,0,0,0,1
17,9,24,40.63426588,-8.66014384,5,27,0,0,0,1
17,9,24,40.63426588,-8.66014384,5,27,0,0,0,1
17,9,24,40.63426588,-8.66014384,5,27,0,0,0,1
17,9,25,40.63426588,-8.66014384,5,27,0,0,0,1
17,9,25,40.63426588,-8.66014288,4,30,0,0,0,1
17,9,25,40.63426588,-8.66014288,4,30,0,0,0,1
17,9,26,40.63426588,-8.66014288,4,30,0,0,0,1
17,9,26,40.63426588,-8.66014384,5,30,0,0,0,1
17,9,26,40.63426588,-8.66014384,5,30,0,0,0,1
17,9,27,40.63426588,-8.66014384,5,30,0,0,0,1
17,9,27,40.63426588,-8.66014384,5,30,0,0,0,1
17,9,27,40.63426588,-8.66014384,5,27,0,0,0,1
17,9,28,40.63426588,-8.66014384,5,20,0,0,0,1
17,9,28,40.63426588,-8.66014384,5,20,0,0,0,1
17,9,28,40.63426588,-8.66014384,5,20,0,0,0,1
17,9,29,40.63426588,-8.66014384,5,20,0,0,0,1
17,9,29,40.63426588,-8.66014384,5,20,0,0,0,1
17,9,29,40.63426588,-8.66014384,5,21,0,0,0,1
17,9,30,40.63426588,-8.66014384,5,21,0,0,0,1
17,9,30,40.63426588,-8.66014384,5,21,0,0,0,1
17,9,30,40.63426588,-8.66014384,5,21,0,0,0,1
17,9,31,40.63426588,-8.66014384,5,22,0,0,0,1
17,9,31,40.63426588,-8.66014384,5,22,0,0,0,1
17,9,31,40.63426588,-8.66014384,5,22,0,0,0,1
17,9,32,40.63426588,-8.66014384,5,23,0,0,0,1
17,9,32,40.63426588,-8.66014480,5,23,0,0,0,1
17,9,32,40.63426588,-8.66014480,5,23,0,0,0,1
17,9,33,40.63426588,-8.66014480,5,24,0,0,0,1
17,9,33,40.63426588,-8.66014480,5,24,0,0,0,1
17,9,33,40.63426588,-8.66014480,5,24,0,0,0,1
17,9,34,40.63426588,-8.66014480,5,24,0,0,0,1
17,9,34,40.63426588,-8.66014480,5,24,0,0,0,1
17,9,34,40.63426588,-8.66014480,5,24,0,0,0,1
17,9,35,40.63426588,-8.66014480,5,24,0,0,0,1
17,9,35,40.63426588,-8.66014480,5,25,0,0,0,1
17,9,35,40.63426588,-8.66014480,5,25,0,0,0,1
17,9,36,40.63426588,-8.66014480,5,25,0,0,0,1
17,9,36,40.63426588,-8.66014480,5,26,0,0,0,1
17,9,36,40.63426588,-8.66014480,5,26,0,0,0,1
17,9,37,40.63426588,-8.66014480,5,26,0,0,0,1
17,9,37,40.63426588,-8.66014480,5,26,0,0,0,1
17,9,37,40.63426588,-8.66014480,5,26,0,0,0,1
17,9,38,40.63426588,-8.66014480,5,27,0,0,0,1
17,9,38,40.63426588,-8.66014480,5,27,0,0,0,1
17,9,38,40.63426588,-8.66014480,5,27,0,0,0,1
17,9,39,40.63426588,-8.66014480,5,27,0,0,0,1
17,9,39,40.63426588,-8.66014480,5,27,0,0,0,1
17,9,39,40.63426588,-8.66014480,5,27,0,0,0,1
17,9,40,40.63426588,-8.66014480,5,27,0,0,0,1
17,9,40,40.63426588,-8.66014480,5,27,0,0,0,1
17,9,41,40.63426588,-8.66014480,5,27,0,0,0,1
17,9,41,40.63426588,-8.66014480,5,27,0,0,0,1
17,9,41,40.63426588,-8.66014480,5,27,0,0,0,1
17,9,42,40.63426588,-8.66014480,5,27,0,0,0,1
17,9,42,40.63426588,-8.66014480,5,27,0,0,0,1
17,9,42,40.63426588,-8.66014480,5,27,0,0,0,1
17,9,43,40.63426588,-8.66014480,5,27,0,0,0,1
17,9,43,40.63426588,-8.66014480,5,27,0,0,0,1
17,9,43,40.63426588,-8.66014480,5,27,0,0,0,1
17,9,44,40.63426588,-8.66014480,5,27,0,0,0,1
17,9,44,40.63426588,-8.66014480,5,27,0,0,0,1
17,9,44,40.63426588,-8.66014480,5,27,0,0,0,1
17,9,45,40.63426588,-8.66014480,5,27,0,0,0,1
17,9,45,40.63426588,-8.66014480,5,27,0,0,0,1
17,9,45,40.63426588,-8.66014480,5,27,0,0,0,1
17,9,46,40.63426588,-8.66014480,5,27,0,0,0,1
17,9,46,40.63426588,-8.66014480,5,26,0,0,0,1
17,9,46,40.63426588,-8.66014480,5,26,0,0,0,1
17,9,47,40.63426588,-8.66014480,5,26,0,0,0,1
17,9,47,40.63426588,-8.66014480,5,26,0,0,0,1
17,9,47,40.63426588,-8.66014480,5,26,0,0,0,1
17,9,48,40.63426588,-8.66014480,5,26,0,0,0,1
17,9,48,40.63426588,-8.66014480,5,26,0,0,0,1
17,9,48,40.63426588,-8.66014480,5,26,0,0,0,1
17,9,49,40.63426588,-8.66014480,5,26,0,0,0,1
17,9,49,40.63426588,-8.66014480,5,24,0,0,0,1
17,9,49,40.63426588,-8.66014480,5,24,0,0,0,1
17,9,50,40.63426588,-8.66014480,5,24,0,0,0,1
17,9,50,40.63426588,-8.66014480,5,24,0,0,0,1
17,9,50,40.63426588,-8.66014480,5,24,0,0,0,1
17,9,51,40.63426588,-8.66014480,5,24,0,0,0,1
17,9,51,40.63426588,-8.66014480,5,24,0,0,0,1
17,9,51,40.63426588,-8.66014480,5,24,0,0,0,1
17,9,52,40.63426588,-8.66014480,5,23,0,0,0,1
17,9,52,40.63426588,-8.66014480,5,23,0,0,0,1
17,9,52,40.63426588,-8.66014480,5,23,0,0,0,1
17,9,53,40.63426588,-8.66014480,5,23,0,0,0,1
17,9,53,40.63426588,-8.66014480,5,23,0,0,0,1
17,9,53,40.63426588,-8.66014480,5,23,0,0,0,1
17,9,54,40.63426588,-8.66014480,5,23,0,0,0,1
17,9,54,40.63426588,-8.66014480,5,23,0,0,0,1
17,9,54,40.63426588,-8.66014480,5,23,0,0,0,1
17,9,55,40.63426588,-8.66014480,5,22,0,0,0,1
17,9,55,40.63426588,-8.66014480,5,22,0,0,0,1
17,9,55,40.63426588,-8.66014480,5,22,0,0,0,1
17,9,56,40.63426588,-8.66014480,5,22,0,0,0,1
17,9,56,40.63426588,-8.66014480,5,22,0,0,0,1
17,9,56,40.63426588,-8.66014480,5,22,0,0,0,1
17,9,57,40.63426588,-8.66014480,5,21,0,0,0,1
17,9,57,40.63426588,-8.66014480,5,21,0,0,0,1
17,9,57,40.63426588,-8.66014480,5,21,0,0,0,1
17,9,58,40.63426588,-8.66014480,5,20,0,0,0,1
17,9,58,40.63426588,-8.66014480,5,20,0,0,0,1
17,9,58,40.63426588,-8.66014480,5,20,0,0,0,1
17,9,59,40.63426588,-8.66014480,5,20,0,0,0,1
17,9,59,40.63426588,-8.66014480,5,20,0,0,0,1
17,9,59,40.63426588,-8.66014480,5,20,0,0,0,1
17,10,0,40.63426588,-8.66014480,5,20,0,0,0,1
17,10,0,40.63426588,-8.66014480,5,20,0,0,0,1
17,10,0,40.63426588,-8.66014480,5,20,0,0,0,1
17,10,1,40.63426588,-8.66014480,5,20,0,0,0,1
17,10,1,40.63426588,-8.66014480,5,20,0,0,0,1
17,10,1,40.63426588,-8.66014480,5,20,0,0,0,1
17,10,2,40.63426588,-8.66014480,5,19,0,0,0,1
17,10,2,40.63426588,-8.66014480,5,19,0,0,0,1
17,10,2,40.63426588,-8.66014480,5,19,0,0,0,1
17,10,3,40.63426588,-8.66014480,5,19,0,0,0,1
17,10,3,40.63426588,-8.66014480,5,18,0,0,0,1
17,10,3,40.63426588,-8.66014480,5,18,0,0,0,1
17,10,4,40.63426588,-8.66014480,5,18,0,0,0,1
17,10,4,40.63426588,-8.66014480,5,18,0,0,0,1
17,10,4,40.63426588,-8.66014480,5,18,0,0,0,1
17,10,5,40.63426588,-8.66014480,5,18,0,0,0,1
17,10,5,40.63426588,-8.66014480,5,18,0,0,0,1
17,10,5,40.63426588,-8.66014480,5,18,0,0,0,1
17,10,6,40.63426588,-8.66014480,5,18,0,0,0,1
17,10,6,40.63426588,-8.66014480,5,18,0,0,0,1
17,10,6,40.63426588,-8.66014480,5,18,0,0,0,1
17,10,7,40.63426588,-8.66014480,5,17,0,0,0,1
17,10,7,40.63426588,-8.66014480,5,17,0,0,0,1
17,10,7,40.63426588,-8.66014480,5,17,0,0,0,1
17,10,8,40.63426588,-8.66014480,5,17,0,0,0,1
17,10,8,40.63426588,-8.66014480,5,17,0,0,0,1
17,10,8,40.63426588,-8.66014480,5,17,0,0,0,1
17,10,9,40.63426588,-8.66014480,5,17,0,0,0,1
17,10,9,40.63426588,-8.66014480,5,17,0,0,0,1
17,10,9,40.63426588,-8.66014288,4,17,0,0,0,1
17,10,10,40.63426588,-8.66014288,4,37,0,0,0,1
17,10,10,40.63426588,-8.66014288,4,37,0,0,0,1
17,10,10,40.63426588,-8.66014288,4,37,0,0,0,1
17,10,11,40.63426588,-8.66014288,4,37,0,0,0,1
17,10,11,40.63426588,-8.66014288,4,37,0,0,0,1
17,10,11,40.63426588,-8.66014288,4,37,0,0,0,1
17,10,12,40.63426588,-8.66014288,4,37,0,0,0,1
17,10,12,40.63426588,-8.66014288,4,37,0,0,0,1
17,10,12,40.63426588,-8.66014288,4,37,0,0,0,1
17,10,13,40.63426588,-8.66014288,4,37,0,0,0,1
17,10,13,40.63426588,-8.66014288,4,36,0,0,0,1
17,10,13,40.63426588,-8.66014288,4,36,0,0,0,1
17,10,14,40.63426588,-8.66014288,4,36,0,0,0,1
17,10,14,40.63426588,-8.66014288,4,36,0,0,0,1
17,10,14,40.63426588,-8.66014288,4,36,0,0,0,1
17,10,15,40.63426588,-8.66014288,4,100,0,0,0,1
17,10,15,40.63426588,-8.66014288,4,100,0,0,0,1
17,10,15,40.63426588,-8.66014288,4,100,0,0,0,1
17,10,16,40.63426588,-8.66014288,4,100,0,0,0,1
17,10,16,40.63426588,-8.66014288,4,100,0,0,0,1
17,10,16,40.63426588,-8.66014288,4,100,0,0,0,1
17,10,17,40.63426588,-8.66014288,4,100,0,0,0,1
17,10,17,40.63426588,-8.66014288,4,100,0,0,0,1
17,10,17,40.63426588,-8.66014288,4,100,0,0,0,1
17,10,17,40.63426588,-8.66014288,4,100,0,0,0,1
17,10,18,40.63426588,-8.66014288,4,100,0,0,0,1
17,10,18,40.63426588,-8.66014288,4,100,0,0,0,1
17,10,19,40.63426588,-8.66014288,4,100,0,0,0,1
17,10,19,40.63426588,-8.66014288,4,100,0,0,0,1
17,10,19,40.63426588,-8.66014288,4,100,0,0,0,1
17,10,20,40.63426588,-8.66014288,4,100,0,0,0,1
17,10,20,40.63426588,-8.66014288,4,100,0,0,0,1
17,10,20,40.63426588,-8.66014288,4,100,0,0,0,1
17,10,21,40.63426588,-8.66014288,4,100,0,0,0,1
17,10,21,40.63426588,-8.66014288,4,100,0,0,0,1
17,10,21,40.63426588,-8.66014288,4,100,0,0,0,1
17,10,22,40.63426588,-8.66014288,4,100,0,0,0,1
17,10,22,40.63426588,-8.66014288,4,100,0,0,0,1
17,10,22,40.63426588,-8.66014288,4,100,0,0,0,1
17,10,23,40.63426588,-8.66014288,4,100,0,0,0,1
17,10,23,40.63426588,-8.66014288,4,100,0,0,0,1
17,10,23,40.63426588,-8.66014288,4,100,0,0,0,1
17,10,24,40.63426588,-8.66014288,4,100,0,0,0,1
17,10,24,40.63426588,-8.66014288,4,100,0,0,0,1
17,10,24,40.63426588,-8.66014288,4,100,0,0,0,1
17,10,25,40.63426588,-8.66014288,4,100,0,0,0,1
17,10,25,40.63426588,-8.66014288,4,36,0,0,0,1
17,10,25,40.63426588,-8.66014288,4,36,0,0,0,1
17,10,26,40.63426588,-8.66014288,4,64,0,0,0,1
17,10,26,40.63426588,-8.66014288,4,91,0,0,0,1
17,10,26,40.63426588,-8.66014288,4,91,0,0,0,1
17,10,27,40.63426588,-8.66014288,4,91,0,0,0,1
17,10,27,40.63426588,-8.66014288,4,91,0,0,0,1
17,10,27,40.63426588,-8.66014288,4,100,0,0,0,1
17,10,28,40.63426588,-8.66014288,4,100,0,0,0,1
17,10,28,40.63426588,-8.66014288,4,100,0,0,0,1
17,10,28,40.63426588,-8.66014288,4,100,0,0,0,1
17,10,29,40.63426588,-8.66014288,4,100,0,0,0,1
17,10,29,40.63426588,-8.66014288,4,62,0,0,0,1
17,10,29,40.63426588,-8.66014288,4,62,0,0,0,1
17,10,29,40.63426588,-8.66014288,4,89,0,0,0,1
17,10,30,40.63426588,-8.66014288,4,100,0,0,0,1
17,10,30,40.63426588,-8.66014288,4,100,0,0,0,1
17,10,31,40.63426588,-8.66014288,4,100,0,0,0,1
17,10,31,40.63426588,-8.66014288,4,100,0,0,0,1
17,10,31,40.63426588,-8.66014288,4,100,0,0,0,1
17,10,32,40.63426588,-8.66014288,4,100,0,0,0,1
17,10,32,40.63426588,-8.66014288,4,100,0,0,0,1
17,10,32,40.63426588,-8.66014288,4,100,0,0,0,1
17,10,33,40.63426588,-8.66014288,4,100,0,0,0,1
17,10,33,40.63426588,-8.66014288,4,100,0,0,0,1
17,10,33,40.63426588,-8.66014288,4,100,0,0,0,1
17,10,34,40.63426588,-8.66014288,4,100,0,0,0,1
17,10,34,40.63426588,-8.66014288,4,100,0,0,0,1
17,10,34,40.63426588,-8.66014288,4,100,0,0,0,1
17,10,35,40.63426588,-8.66014288,4,100,0,0,0,1
17,10,35,40.63426588,-8.66014288,4,100,0,0,0,1
17,10,35,40.63426588,-8.66014288,4,100,0,0,0,1
17,10,36,40.63426588,-8.66014288,4,100,0,0,0,1
17,10,36,40.63426588,-8.66014288,4,100,0,0,0,1
17,10,36,40.63426588,-8.66014288,4,100,0,0,0,1
17,10,37,40.63426588,-8.66014288,4,100,0,0,0,1
17,10,37,40.63426588,-8.66014288,4,100,0,0,0,1
17,10,37,40.63426588,-8.66014288,4,100,0,0,0,1
17,10,38,40.63426588,-8.66014288,4,100,0,0,0,1
17,10,38,40.63426588,-8.66014288,4,100,0,0,0,1
17,10,38,40.63426588,-8.66014288,4,100,0,0,0,1
17,10,38,40.63426588,-8.66014288,4,100,0,0,0,1
17,10,39,40.63426588,-8.66014288,4,100,0,0,0,1
17,10,39,40.63426588,-8.66014288,4,100,0,0,0,1
17,10,40,40.63426588,-8.66014288,4,100,0,0,0,1
17,10,40,40.63426588,-8.66014288,4,100,0,0,0,1
17,10,40,40.63426588,-8.66014288,4,100,0,0,0,1
17,10,41,40.63426588,-8.66014288,4,100,0,0,0,1
17,10,41,40.63426588,-8.66014288,4,100,0,0,0,1
17,10,41,40.63426588,-8.66014288,4,100,0,0,0,1
17,10,42,40.63426588,-8.66014288,4,100,0,0,0,1
17,10,42,40.63426588,-8.66014288,4,100,0,0,0,1
17,10,42,40.63426588,-8.66014288,4,100,0,0,0,1
17,10,43,40.63426588,-8.66014288,4,100,0,0,0,1
17,10,43,40.63426588,-8.66014288,4,100,0,0,0,1
17,10,43,40.63426588,-8.66014288,4,100,0,0,0,1
17,10,44,40.63426588,-8.66014288,4,100,0,0,0,1
17,10,44,40.63426588,-8.66014288,4,100,0,0,0,1
17,10,44,40.63426588,-8.66014288,4,100,0,0,0,1
17,10,45,40.63426588,-8.66014288,4,100,0,0,0,1
17,10,45,40.63426588,-8.66014288,4,100,0,0,0,1
17,10,45,40.63426588,-8.66014288,4,100,0,0,0,1
17,10,46,40.63426588,-8.66014288,4,100,0,0,0,1
17,10,46,40.63426588,-8.66014288,4,100,0,0,0,1
17,10,46,40.63426588,-8.66014288,4,100,0,0,0,1
17,10,47,40.63426588,-8.66014288,4,100,0,0,0,1
17,10,47,40.63426588,-8.66014288,4,100,0,0,0,1
17,10,47,40.63426588,-8.66014288,4,100,0,0,0,1
17,10,48,40.63426588,-8.66014288,4,100,0,0,0,1
17,10,48,40.63426588,-8.66014288,4,100,0,0,0,1
17,10,48,40.63426588,-8.66014288,4,100,0,0,0,1
17,10,49,40.63426588,-8.66014288,4,100,0,0,0,1
17,10,49,40.63426588,-8.66014288,4,100,0,0,0,1
17,10,49,40.63426588,-8.66014288,4,100,0,0,0,1
17,10,50,40.63426588,-8.66014288,4,100,0,0,0,1
17,10,50,40.63426588,-8.66014288,4,100,0,0,0,1
17,10,50,40.63426588,-8.66014288,4,100,0,0,0,1
17,10,51,40.63426588,-8.66014288,4,100,0,0,0,1
17,10,51,40.63426588,-8.66014288,4,100,0,0,0,1
17,10,51,40.63426588,-8.66014288,4,100,0,0,0,1
17,10,52,40.63426588,-8.66014288,4,100,0,0,0,1
17,10,52,40.63426588,-8.66014288,4,100,0,0,0,1
17,10,52,40.63426588,-8.66014288,4,100,0,0,0,1
17,10,53,40.63426588,-8.66014288,4,100,0,0,0,1
17,10,53,40.63426588,-8.66014288,4,100,0,0,0,1
17,10,53,40.63426588,-8.66014288,4,100,0,0,0,1
17,10,54,40.63426588,-8.66014288,4,100,0,0,0,1
17,10,54,40.63426588,-8.66014288,4,100,0,0,0,1
17,10,54,40.63426588,-8.66014288,4,100,0,0,0,1
17,10,55,40.63426588,-8.66014288,4,53,0,0,0,1
17,10,55,40.63426588,-8.66014288,4,84,0,0,0,1
17,10,55,40.63426588,-8.66014288,4,84,0,0,0,1
17,10,56,40.63426588,-8.66014288,4,100,0,0,0,1
17,10,56,40.63426588,-8.66014288,4,100,0,0,0,1
17,10,56,40.63426588,-8.66014288,4,100,0,0,0,1
17,10,57,40.63426588,-8.66014288,4,100,0,0,0,1
17,10,57,40.63426588,-8.66014288,4,61,0,0,0,1
17,10,57,40.63426588,-8.66014288,4,61,0,0,0,1
17,10,58,40.63426588,-8.66014288,4,91,0,0,0,1
17,10,58,40.63426588,-8.66014288,4,100,0,0,0,1
17,10,58,40.63426588,-8.66014288,4,100,0,0,0,1
17,10,59,40.63426588,-8.66014288,4,100,0,0,0,1
17,10,59,40.63426588,-8.66014288,4,100,0,0,0,1
17,10,59,40.63426588,-8.66014288,4,100,0,0,0,1
17,11,0,40.63426588,-8.66014288,4,100,0,0,0,1
17,11,0,40.63426588,-8.66014288,4,100,0,0,0,1
17,11,0,40.63426588,-8.66014288,4,100,0,0,0,1
17,11,1,40.63426588,-8.66014288,4,100,0,0,0,1
17,11,1,40.63426588,-8.66014288,4,100,0,0,0,1
17,11,1,40.63426588,-8.66014288,4,100,0,0,0,1
17,11,2,40.63426588,-8.66014288,4,100,0,0,0,1
17,11,2,40.63426588,-8.66014288,4,100,0,0,0,1
17,11,2,40.63426588,-8.66014288,4,100,0,0,0,1
17,11,3,40.63426588,-8.66014288,4,100,0,0,0,1
17,11,3,40.63426588,-8.66014288,4,100,0,0,0,1
17,11,3,40.63426588,-8.66014288,4,100,0,0,0,1
17,11,4,40.63426588,-8.66014288,4,100,0,0,0,1
17,11,4,40.63426588,-8.66014288,4,100,0,0,0,1
17,11,4,40.63426588,-8.66014288,4,84,0,0,0,1
17,11,5,40.63426588,-8.66014288,4,100,0,0,0,1
17,11,5,40.63426588,-8.66014288,4,100,0,0,0,1
17,11,5,40.63426588,-8.66014288,4,100,0,0,0,1
17,11,6,40.63426588,-8.66014288,4,100,0,0,0,1
17,11,6,40.63426588,-8.66014288,4,100,0,0,0,1
17,11,6,40.63426588,-8.66014288,4,100,0,0,0,1
17,11,6,40.63426588,-8.66014288,4,100,0,0,0,1
17,11,7,40.63426588,-8.66014288,4,100,0,0,0,1
17,11,7,40.63426588,-8.66014288,4,100,0,0,0,1
17,11,8,40.63426588,-8.66014288,4,100,0,0,0,1
17,11,8,40.63426588,-8.66014288,4,78,0,0,0,1
17,11,8,40.63426588,-8.66014288,4,78,0,0,0,1
17,11,9,40.63426588,-8.66014288,4,100,0,0,0,1
17,11,9,40.63426588,-8.66014288,4,100,0,0,0,1
17,11,9,40.63426588,-8.66014288,4,100,0,0,0,1
17,11,10,40.63426588,-8.66014288,4,100,0,0,0,1
17,11,10,40.63426588,-8.66014288,4,100,0,0,0,1
17,11,10,40.63426588,-8.66014288,4,100,0,0,0,1
17,11,11,40.63426588,-8.66014288,4,100,0,0,0,1
17,11,11,40.63426588,-8.66014288,4,100,0,0,0,1
17,11,11,40.63426588,-8.66014288,4,100,0,0,0,1
17,11,11,40.63426588,-8.66014288,4,100,0,0,0,1
17,11,12,40.63426588,-8.66014288,4,100,0,0,0,1
17,11,12,40.63426588,-8.66014288,4,100,0,0,0,1
17,11,12,40.63426588,-8.66014288,4,100,0,0,0,1
17,11,13,40.63426588,-8.66014288,4,100,0,0,0,1
17,11,13,40.63426588,-8.66014288,4,100,0,0,0,1
17,11,14,40.63426588,-8.66014288,4,100,0,0,0,1
17,11,14,40.63426588,-8.66014288,4,100,0,0,0,1
17,11,14,40.63426588,-8.66014288,4,100,0,0,0,1
17,11,15,40.63426588,-8.66014288,4,100,0,0,0,1
17,11,15,40.63426588,-8.66014288,4,100,0,0,0,1
17,11,15,40.63426588,-8.66014288,4,100,0,0,0,1
17,11,16,40.63426588,-8.66014288,4,100,0,0,0,1
17,11,16,40.63426588,-8.66014288,4,100,0,0,0,1
17,11,16,40.63426588,-8.66014288,4,100,0,0,0,1
17,11,17,40.63426588,-8.66014288,4,100,0,0,0,1
17,11,17,40.63426588,-8.66014288,4,100,0,0,0,1
17,11,17,40.63426588,-8.66014288,4,100,0,0,0,1
17,11,18,40.63426588,-8.66014288,4,100,0,0,0,1
17,11,18,40.63426588,-8.66014288,4,100,0,0,0,1
17,11,18,40.63426588,-8.66014288,4,100,0,0,0,1
17,11,19,40.63426588,-8.66014288,4,100,0,0,0,1
17,11,19,40.63426588,-8.66014288,4,100,0,0,0,1
17,11,20,40.63426588,-8.66014288,4,100,0,0,0,1
17,11,20,40.63426588,-8.66014288,4,100,0,0,0,1
17,11,20,40.63426588,-8.66014288,4,100,0,0,0,1
17,11,21,40.63426588,-8.66014288,4,100,0,0,0,1
17,11,21,40.63426588,-8.66014288,4,100,0,0,0,1
17,11,21,40.63426588,-8.66014288,4,100,0,0,0,1
17,11,22,40.63426588,-8.66014288,4,100,0,0,0,1
17,11,22,40.63426588,-8.66014288,4,100,0,0,0,1
17,11,22,40.63426588,-8.66014288,4,100,0,0,0,1
17,11,23,40.63426588,-8.66014288,4,100,0,0,0,1
17,11,23,40.63426588,-8.66014288,4,100,0,0,0,1
17,11,23,40.63426588,-8.66014288,4,100,0,0,0,1
17,11,24,40.63426588,-8.66014288,4,100,0,0,0,1
17,11,24,40.63426588,-8.66014288,4,100,0,0,0,1
17,11,24,40.63426588,-8.66014288,4,100,0,0,0,1
17,11,25,40.63426588,-8.66014288,4,100,0,0,0,1
17,11,25,40.63426588,-8.66014288,4,100,0,0,0,1
17,11,25,40.63426588,-8.66014288,4,100,0,0,0,1
17,11,26,40.63426588,-8.66014288,4,100,0,0,0,1
17,11,26,40.63426588,-8.66014288,4,100,0,0,0,1
17,11,26,40.63426588,-8.66014288,4,100,0,0,0,1
17,11,27,40.63426588,-8.66014288,4,100,0,0,0,1
17,11,27,40.63426588,-8.66014288,4,100,0,0,0,1
17,11,27,40.63426588,-8.66014288,4,100,0,0,0,1
17,11,28,40.63426588,-8.66014288,4,100,0,0,0,1
17,11,28,40.63426588,-8.66014288,4,100,0,0,0,1
17,11,28,40.63426588,-8.66014288,4,100,0,0,0,1
17,11,29,40.63426588,-8.66014288,4,100,0,0,0,1
17,11,29,40.63426588,-8.66014288,4,100,0,0,0,1
17,11,29,40.63426588,-8.66014288,4,100,0,0,0,1
17,11,30,40.63426588,-8.66014288,4,100,0,0,0,1
17,11,30,40.63426588,-8.66014288,4,100,0,0,0,1
17,11,30,40.63426588,-8.66014288,4,100,0,0,0,1
17,11,31,40.63426588,-8.66014288,4,100,0,0,0,1
17,11,31,40.63426588,-8.66014288,4,100,0,0,0,1
17,11,31,40.63426588,-8.66014288,4,100,0,0,0,1
17,11,32,40.63426588,-8.66014288,4,100,0,0,0,1
17,11,32,40.63426588,-8.66014288,4,100,0,0,0,1
17,11,32,40.63426588,-8.66014288,4,100,0,0,0,1
17,11,33,40.63426588,-8.66014288,4,100,0,0,0,1
17,11,33,40.63426588,-8.66014288,4,100,0,0,0,1
17,11,33,40.63426588,-8.66014288,4,100,0,0,0,1
17,11,33,40.63426588,-8.66014288,4,100,0,0,0,1
17,11,34,40.63426588,-8.66014288,4,100,0,0,0,1
17,11,34,40.63426588,-8.66014288,4,100,0,0,0,1
17,11,35,40.63426588,-8.66014288,4,100,0,0,0,1
17,11,35,40.63426588,-8.66014288,4,100,0,0,0,1
17,11,35,40.63426588,-8.66014288,4,100,0,0,0,1
17,11,36,40.63426588,-8.66014288,4,100,0,0,0,1
17,11,36,40.63426588,-8.66014288,4,100,0,0,0,1
17,11,36,40.63426588,-8.66014288,4,100,0,0,0,1
17,11,37,40.63426588,-8.66014288,4,100,0,0,0,1
17,11,37,40.63426588,-8.66014288,4,100,0,0,0,1
17,11,37,40.63426588,-8.66014288,4,100,0,0,0,1
17,11,38,40.63426588,-8.66014288,4,100,0,0,0,1
17,11,38,40.63426588,-8.66014288,4,100,0,0,0,1
17,11,38,40.63426588,-8.66014288,4,100,0,0,0,1
17,11,39,40.63426588,-8.66014288,4,100,0,0,0,1
17,11,39,40.63426588,-8.66014288,4,100,0,0,0,1
17,11,39,40.63426588,-8.66014288,4,100,0,0,0,1
17,11,40,40.63426588,-8.66014288,4,100,0,0,0,1
17,11,40,40.63426588,-8.66014288,4,100,0,0,0,1
17,11,40,40.63426588,-8.66014288,4,67,0,0,0,1
17,11,41,40.63426588,-8.66014288,4,88,0,0,0,1
17,11,41,40.63426588,-8.66014288,4,100,0,0,0,1
17,11,41,40.63426588,-8.66014288,4,100,0,0,0,1
17,11,42,40.63426588,-8.66014288,4,100,0,0,0,1
17,11,42,40.63426588,-8.66014288,4,100,0,0,0,1
17,11,42,40.63426588,-8.66014288,4,100,0,0,0,1
17,11,43,40.63426588,-8.66014288,4,100,0,0,0,1
17,11,43,40.63426588,-8.66014288,4,100,0,0,0,1
17,11,43,40.63426588,-8.66014288,4,100,0,0,0,1
17,11,44,40.63426588,-8.66014288,4,100,0,0,0,1
17,11,44,40.63426588,-8.66014288,4,100,0,0,0,1
17,11,44,40.63426588,-8.66014288,4,100,0,0,0,1
17,11,45,40.63426588,-8.66014288,4,100,0,0,0,1
17,11,45,40.63426588,-8.66014288,4,100,0,0,0,1
17,11,45,40.63426588,-8.66014288,4,100,0,0,0,1
17,11,46,40.63426588,-8.66014288,4,100,0,0,0,1
17,11,46,40.63426588,-8.66014288,4,100,0,0,0,1
17,11,46,40.63426588,-8.66014288,4,100,0,0,0,1
17,11,47,40.63426588,-8.66014288,4,100,0,0,0,1
17,11,47,40.63426588,-8.66014288,4,100,0,0,0,1
17,11,47,40.63426588,-8.66014288,4,100,0,0,0,1
17,11,48,40.63426588,-8.66014288,4,100,0,0,0,1
17,11,48,40.63426588,-8.66014288,4,100,0,0,0,1
17,11,48,40.63426588,-8.66014288,4,100,0,0,0,1
17,11,49,40.63426588,-8.66014288,4,100,0,0,0,1
17,11,49,40.63426588,-8.66014288,4,100,0,0,0,1
17,11,49,40.63426588,-8.66014288,4,100,0,0,0,1
17,11,50,40.63426588,-8.66014288,4,100,0,0,0,1
17,11,50,40.63426588,-8.66014288,4,100,0,0,0,1
17,11,50,40.63426588,-8.66014288,4,100,0,0,0,1
17,11,51,40.63426588,-8.66014288,4,100,0,0,0,1
17,11,51,40.63426588,-8.66014288,4,100,0,0,0,1
17,11,51,40.63426588,-8.66014288,4,100,0,0,0,1
17,11,52,40.63426588,-8.66014288,4,100,0,0,0,1
17,11,52,40.63426588,-8.66014288,4,100,0,0,0,1
17,11,52,40.63426588,-8.66014288,4,100,0,0,0,1
17,11,53,40.63426588,-8.66014288,4,100,0,0,0,1
17,11,53,40.63426588,-8.66014288,4,100,0,0,0,1
17,11,53,40.63426588,-8.66014288,4,100,0,0,0,1
17,11,54,40.63426588,-8.66014288,4,100,0,0,0,1
17,11,54,40.63426588,-8.66014288,4,100,0,0,0,1
17,11,54,40.63426588,-8.66014288,4,100,0,0,0,1
17,11,55,40.63426588,-8.66014288,4,100,0,0,0,1
17,11,55,40.63426588,-8.66014288,4,100,0,0,0,1
17,11,55,40.63426588,-8.66014288,4,100,0,0,0,1
17,11,56,40.63426588,-8.66014288,4,100,0,0,0,1
17,11,56,40.63426588,-8.66014288,4,100,0,0,0,1
17,11,56,40.63426588,-8.66014288,4,100,0,0,0,1
17,11,57,40.63426588,-8.66014288,4,100,0,0,0,1
17,11,57,40.63426588,-8.66014288,4,100,0,0,0,1
17,11,57,40.63426588,-8.66014288,4,100,0,0,0,1
17,11,58,40.63426588,-8.66014288,4,100,0,0,0,1
17,11,58,40.63426588,-8.66014288,4,100,0,0,0,1
17,11,58,40.63426588,-8.66014288,4,100,0,0,0,1
17,11,59,40.63426588,-8.66014288,4,100,0,0,0,1
17,11,59,40.63426588,-8.66014288,4,100,0,0,0,1
17,11,59,40.63426588,-8.66014288,4,100,0,0,0,1
17,12,0,40.63426588,-8.66014288,4,100,0,0,0,1
17,12,0,40.63426588,-8.66014288,4,100,0,0,0,1
17,12,0,40.63426588,-8.66014288,4,100,0,0,0,1
17,12,1,40.63426588,-8.66014288,4,100,0,0,0,1
17,12,1,40.63426588,-8.66014288,4,100,0,0,0,1
17,12,1,40.63426588,-8.66014288,4,100,0,0,0,1
17,12,2,40.63426588,-8.66014288,4,100,0,0,0,1
17,12,2,40.63426588,-8.66014288,4,100,0,0,0,1
17,12,2,40.63426588,-8.66014288,4,100,0,0,0,1
17,12,3,40.63426588,-8.66014288,4,100,0,0,0,1
17,12,3,40.63426588,-8.66014288,4,100,0,0,0,1
17,12,3,40.63426588,-8.66014288,4,100,0,0,0,1
17,12,3,40.63426588,-8.66014288,4,100,0,0,0,1
17,12,4,40.63426588,-8.66014288,4,100,0,0,0,1
17,12,4,40.63426588,-8.66014288,4,100,0,0,0,1
17,12,5,40.63426588,-8.66014288,4,100,0,0,0,1
17,12,5,40.63426588,-8.66014288,4,100,0,0,0,1
17,12,5,40.63426588,-8.66014288,4,100,0,0,0,1
17,12,6,40.63426588,-8.66014288,4,100,0,0,0,1
17,12,6,40.63426588,-8.66014288,4,100,0,0,0,1
17,12,6,40.63426588,-8.66014288,4,100,0,0,0,1
17,12,6,40.63426588,-8.66014288,4,100,0,0,0,1
17,12,7,40.63426588,-8.66014288,4,100,0,0,0,1
17,12,7,40.63426588,-8.66014288,4,100,0,0,0,1
17,12,8,40.63426588,-8.66014288,4,100,0,0,0,1
17,12,8,40.63426588,-8.66014288,4,100,0,0,0,1
17,12,8,40.63426588,-8.66014288,4,100,0,0,0,1
17,12,9,40.63426588,-8.66014288,4,100,0,0,0,1
17,12,9,40.63426588,-8.66014288,4,59,0,0,0,1
17,12,9,40.63426588,-8.66014288,4,59,0,0,0,1
17,12,10,40.63426588,-8.66014288,4,79,0,0,0,1
17,12,10,40.63426588,-8.66014288,4,98,0,0,0,1
17,12,10,40.63426588,-8.66014288,4,98,0,0,0,1
17,12,11,40.63426588,-8.66014288,4,100,0,0,0,1
17,12,11,40.63426588,-8.66014288,4,100,0,0,0,1
17,12,11,40.63426588,-8.66014288,4,100,0,0,0,1
17,12,12,40.63426588,-8.66014288,4,100,0,0,0,1
17,12,12,40.63426588,-8.66014288,4,100,0,0,0,1
17,12,13,40.63426588,-8.66014288,4,100,0,0,0,1
17,12,13,40.63426588,-8.66014288,4,100,0,0,0,1
17,12,13,40.63426588,-8.66014288,4,100,0,0,0,1
17,12,13,40.63426588,-8.66014288,4,100,0,0,0,1
17,12,14,40.63426588,-8.66014288,4,34,0,0,0,1
17,12,14,40.63426588,-8.66014288,4,34,0,0,0,1
17,12,15,40.63426588,-8.66014288,4,52,0,0,0,1
17,12,15,40.63426588,-8.66014288,4,52,0,0,0,1
17,12,15,40.63426588,-8.66014288,4,70,0,0,0,1
17,12,16,40.63426588,-8.66014288,4,88,0,0,0,1
17,12,16,40.63426588,-8.66014288,4,100,0,0,0,1
17,12,16,40.63426588,-8.66014288,4,100,0,0,0,1
17,12,17,40.63426588,-8.66014288,4,100,0,0,0,1
17,12,17,40.63426588,-8.66014288,4,100,0,0,0,1
17,12,17,40.63426588,-8.66014288,4,73,0,0,0,1
17,12,18,40.63426588,-8.66014288,4,93,0,0,0,1
17,12,18,40.63426588,-8.66014288,4,100,0,0,0,1
17,12,18,40.63426588,-8.66014288,4,100,0,0,0,1
17,12,19,40.63426588,-8.66014288,4,100,0,0,0,1
17,12,19,40.63426588,-8.66014288,4,100,0,0,0,1
17,12,19,40.63426588,-8.66014288,4,100,0,0,0,1
17,12,20,40.63426588,-8.66014288,4,100,0,0,0,1
17,12,20,40.63426588,-8.66014288,4,100,0,0,0,1
17,12,20,40.63426588,-8.66014288,4,100,0,0,0,1
17,12,21,40.63426588,-8.66014288,4,100,0,0,0,1
17,12,21,40.63426588,-8.66014288,4,100,0,0,0,1
17,12,21,40.63426588,-8.66014288,4,100,0,0,0,1
17,12,22,40.63426588,-8.66014288,4,100,0,0,0,1
17,12,22,40.63426588,-8.66014288,4,100,0,0,0,1
17,12,22,40.63426588,-8.66014288,4,100,0,0,0,1
17,12,23,40.63426588,-8.66014288,4,100,0,0,0,1
17,12,23,40.63426588,-8.66014288,4,100,0,0,0,1
17,12,23,40.63426588,-8.66014288,4,100,0,0,0,1
17,12,24,40.63426588,-8.66014288,4,100,0,0,0,1
17,12,24,40.63426588,-8.66014288,4,100,0,0,0,1
17,12,24,40.63426588,-8.66014288,4,100,0,0,0,1
17,12,25,40.63426588,-8.66014288,4,100,0,0,0,1
17,12,25,40.63426588,-8.66014288,4,100,0,0,0,1
17,12,25,40.63426588,-8.66014288,4,100,0,0,0,1
17,12,26,40.63426588,-8.66014288,4,100,0,0,0,1
17,12,26,40.63426588,-8.66014288,4,100,0,0,0,1
17,12,26,40.63426588,-8.66014288,4,100,0,0,0,1
17,12,27,40.63426588,-8.66014288,4,100,0,0,0,1
17,12,27,40.63426588,-8.66014288,4,100,0,0,0,1
17,12,27,40.63426588,-8.66014288,4,100,0,0,0,1
17,12,27,40.63426588,-8.66014288,4,100,0,0,0,1
17,12,28,40.63426588,-8.66014288,4,50,0,0,0,1
17,12,28,40.63426588,-8.66014288,4,50,0,0,0,1
17,12,29,40.63426588,-8.66014288,4,67,0,0,0,1
17,12,29,40.63426588,-8.66014288,4,84,0,0,0,1
17,12,29,40.63426588,-8.66014288,4,84,0,0,0,1
17,12,30,40.63426588,-8.66014288,4,100,0,0,0,1
17,12,30,40.63426588,-8.66014288,4,100,0,0,0,1
17,12,30,40.63426588,-8.66014288,4,100,0,0,0,1
17,12,31,40.63426588,-8.66014288,4,100,0,0,0,1
17,12,31,40.63426588,-8.66014288,4,100,0,0,0,1
17,12,31,40.63426588,-8.66014288,4,100,0,0,0,1
17,12,32,40.63426588,-8.66014288,4,100,0,0,0,1
17,12,32,40.63426588,-8.66014288,4,100,0,0,0,1
17,12,32,40.63426588,-8.66014288,4,100,0,0,0,1
17,12,33,40.63426588,-8.66014288,4,100,0,0,0,1
17,12,33,40.63426588,-8.66014288,4,100,0,0,0,1
17,12,33,40.63426588,-8.66014288,4,100,0,0,0,1
17,12,34,40.63426588,-8.66014288,4,100,0,0,0,1
17,12,34,40.63426588,-8.66014288,4,100,0,0,0,1
17,12,34,40.63426588,-8.66014288,4,100,0,0,0,1
17,12,34,40.63426588,-8.66014288,4,100,0,0,0,1
17,12,35,40.63426588,-8.66014288,4,100,0,0,0,1
17,12,35,40.63426588,-8.66014288,4,100,0,0,0,1
17,12,35,40.63426588,-8.66014288,4,100,0,0,0,1
17,12,36,40.63426588,-8.66014288,4,100,0,0,0,1
17,12,36,40.63426588,-8.66014288,4,100,0,0,0,1
17,12,37,40.63426588,-8.66014288,4,100,0,0,0,1
17,12,37,40.63426588,-8.66014288,4,100,0,0,0,1
17,12,37,40.63426588,-8.66014288,4,100,0,0,0,1
17,12,38,40.63426588,-8.66014288,4,100,0,0,0,1
17,12,38,40.63426588,-8.66014288,4,100,0,0,0,1
17,12,38,40.63426588,-8.66014288,4,100,0,0,0,1
17,12,39,40.63426588,-8.66014288,4,100,0,0,0,1
17,12,39,40.63426588,-8.66014288,4,100,0,0,0,1
17,12,39,40.63426588,-8.66014288,4,100,0,0,0,1
17,12,40,40.63426588,-8.66014288,4,100,0,0,0,1
17,12,40,40.63426588,-8.66014288,4,100,0,0,0,1
17,12,40,40.63426588,-8.66014288,4,100,0,0,0,1
17,12,40,40.63426588,-8.66014288,4,100,0,0,0,1
17,12,41,40.63426588,-8.66014288,4,100,0,0,0,1
17,12,41,40.63426588,-8.66014288,4,100,0,0,0,1
17,12,42,40.63426588,-8.66014288,4,100,0,0,0,1
17,12,42,40.63426588,-8.66014288,4,100,0,0,0,1
17,12,42,40.63426588,-8.66014288,4,100,0,0,0,1
17,12,43,40.63426588,-8.66014288,4,100,0,0,0,1
17,12,43,40.63426588,-8.66014288,4,100,0,0,0,1
17,12,44,40.63426588,-8.66014288,4,100,0,0,0,1
17,12,44,40.63426588,-8.66014288,4,100,0,0,0,1
17,12,44,40.63426588,-8.66014288,4,100,0,0,0,1
17,12,45,40.63426588,-8.66014288,4,100,0,0,0,1
17,12,45,40.63426588,-8.66014288,4,33,0,0,0,1
17,12,45,40.63426588,-8.66014288,4,33,0,0,0,1
17,12,46,40.63426588,-8.66014288,4,49,0,0,0,1
17,12,46,40.63426588,-8.66014288,4,49,0,0,0,1
17,12,46,40.63426588,-8.66014288,4,49,0,0,0,1
17,12,47,40.63426588,-8.66014288,4,81,0,0,0,1
17,12,47,40.63426588,-8.66014288,4,98,0,0,0,1
17,12,47,40.63426588,-8.66014288,4,98,0,0,0,1
17,12,48,40.63426588,-8.66014288,4,100,0,0,0,1
17,12,48,40.63426588,-8.66014288,4,100,0,0,0,1
17,12,48,40.63426588,-8.66014288,4,100,0,0,0,1
17,12,49,40.63426588,-8.66014288,4,100,0,0,0,1
17,12,49,40.63426588,-8.66014288,4,100,0,0,0,1
17,12,49,40.63426588,-8.66014288,4,100,0,0,0,1
17,12,50,40.63426588,-8.66014288,4,100,0,0,0,1
17,12,50,40.63426588,-8.66014288,4,100,0,0,0,1
17,12,50,40.63426588,-8.66014288,4,100,0,0,0,1
17,12,51,40.63426588,-8.66014288,4,100,0,0,0,1
17,12,51,40.63426588,-8.66014288,4,100,0,0,0,1
17,12,51,40.63426588,-8.66014288,4,100,0,0,0,1
17,12,52,40.63426588,-8.66014288,4,100,0,0,0,1
17,12,52,40.63426588,-8.66014288,4,100,0,0,0,1
17,12,52,40.63426588,-8.66014288,4,100,0,0,0,1
17,12,53,40.63426588,-8.66014288,4,100,0,0,0,1
17,12,53,40.63426588,-8.66014288,4,100,0,0,0,1
17,12,53,40.63426588,-8.66014288,4,100,0,0,0,1
17,12,54,40.63426588,-8.66014288,4,100,0,0,0,1
17,12,54,40.63426588,-8.66014288,4,61,0,0,0,1
17,12,54,40.63426588,-8.66014288,4,61,0,0,0,1
17,12,55,40.63426588,-8.66014288,4,61,0,0,0,1
17,12,55,40.63426588,-8.66014288,4,94,0,0,0,1
17,12,55,40.63426588,-8.66014288,4,94,0,0,0,1
17,12,56,40.63426588,-8.66014288,4,100,0,0,0,1
17,12,56,40.63426588,-8.66014288,4,100,0,0,0,1
17,12,56,40.63426588,-8.66014288,4,100,0,0,0,1
17,12,57,40.63426588,-8.66014288,4,100,0,0,0,1
17,12,57,40.63426588,-8.66014288,4,100,0,0,0,1
17,12,57,40.63426588,-8.66014288,4,100,0,0,0,1
17,12,58,40.63426588,-8.66014288,4,100,0,0,0,1
17,12,58,40.63426588,-8.66014288,4,100,0,0,0,1
17,12,58,40.63426588,-8.66014288,4,100,0,0,0,1
17,12,59,40.63426588,-8.66014288,4,100,0,0,0,1
17,12,59,40.63426588,-8.66014288,4,100,0,0,0,1
17,12,59,40.63426588,-8.66014288,4,100,0,0,0,1
17,13,0,40.63426588,-8.66014288,4,100,0,0,0,1
17,13,0,40.63426588,-8.66014288,4,100,0,0,0,1
17,13,0,40.63426588,-8.66014288,4,100,0,0,0,1
17,13,1,40.63426588,-8.66014288,4,100,0,0,0,1
17,13,1,40.63426588,-8.66014288,4,100,0,0,0,1
17,13,1,40.63426588,-8.66014288,4,100,0,0,0,1
17,13,2,40.63426588,-8.66014288,4,100,0,0,0,1
17,13,2,40.63426588,-8.66014288,4,100,0,0,0,1
17,13,2,40.63426588,-8.66014288,4,100,0,0,0,1
17,13,3,40.63426588,-8.66014288,4,100,0,0,0,1
17,13,3,40.63426588,-8.66014288,4,100,0,0,0,1
17,13,3,40.63426588,-8.66014288,4,100,0,0,0,1
17,13,4,40.63426588,-8.66014288,4,100,0,0,0,1
17,13,4,40.63426588,-8.66014288,4,100,0,0,0,1
17,13,4,40.63426588,-8.66014288,4,100,0,0,0,1
17,13,5,40.63426588,-8.66014288,4,100,0,0,0,1
17,13,5,40.63426588,-8.66014288,4,100,0,0,0,1
17,13,5,40.63426588,-8.66014288,4,100,0,0,0,1
17,13,6,40.63426588,-8.66014288,4,100,0,0,0,1
17,13,6,40.63426588,-8.66014288,4,100,0,0,0,1
17,13,6,40.63426588,-8.66014288,4,100,0,0,0,1
17,13,7,40.63426588,-8.66014288,4,100,0,0,0,1
17,13,7,40.63426588,-8.66014288,4,100,0,0,0,1
17,13,7,40.63426588,-8.66014288,4,100,0,0,0,1
17,13,8,40.63426588,-8.66014288,4,100,0,0,0,1
17,13,8,40.63426588,-8.66014288,4,100,0,0,0,1
17,13,8,40.63426588,-8.66014288,4,100,0,0,0,1
17,13,9,40.63426588,-8.66014288,4,100,0,0,0,1
17,13,9,40.63426588,-8.66014288,4,100,0,0,0,1
17,13,9,40.63426588,-8.66014288,4,100,0,0,0,1
17,13,10,40.63426588,-8.66014288,4,100,0,0,0,1
17,13,10,40.63426588,-8.66014288,4,100,0,0,0,1
17,13,10,40.63426588,-8.66014288,4,100,0,0,0,1
17,13,11,40.63426588,-8.66014288,4,100,0,0,0,1
17,13,11,40.63426588,-8.66014288,4,100,0,0,0,1
17,13,11,40.63426588,-8.66014288,4,100,0,0,0,1
17,13,12,40.63426588,-8.66014288,4,100,0,0,0,1
17,13,12,40.63426588,-8.66014288,4,100,0,0,0,1
17,13,12,40.63426588,-8.66014288,4,100,0,0,0,1
17,13,13,40.63426588,-8.66014288,4,100,0,0,0,1
17,13,13,40.63426588,-8.66014288,4,100,0,0,0,1
17,13,13,40.63426588,-8.66014288,4,100,0,0,0,1
17,13,13,40.63426588,-8.66014288,4,100,0,0,0,1
17,13,14,40.63426588,-8.66014288,4,100,0,0,0,1
17,13,14,40.63426588,-8.66014288,4,100,0,0,0,1
17,13,15,40.63426588,-8.66014288,4,31,0,0,0,1
17,13,15,40.63426588,-8.66014288,4,44,0,0,0,1
17,13,15,40.63426588,-8.66014288,4,44,0,0,0,1
17,13,16,40.63426588,-8.66014288,4,58,0,0,0,1
17,13,16,40.63426588,-8.66014288,4,72,0,0,0,1
17,13,16,40.63426588,-8.66014288,4,72,0,0,0,1
17,13,17,40.63426588,-8.66014288,4,86,0,0,0,1
17,13,17,40.63426588,-8.66014288,4,99,0,0,0,1
17,13,17,40.63426588,-8.66014288,4,99,0,0,0,1
17,13,18,40.63426588,-8.66014288,4,100,0,0,0,1
17,13,18,40.63426588,-8.66014288,4,100,0,0,0,1
17,13,18,40.63426588,-8.66014288,4,100,0,0,0,1
17,13,19,40.63426588,-8.66014288,4,100,0,0,0,1
17,13,19,40.63426588,-8.66014288,4,100,0,0,0,1
17,13,19,40.63426588,-8.66014288,4,100,0,0,0,1
17,13,19,40.63426588,-8.66014288,4,100,0,0,0,1
17,13,20,40.63426588,-8.66014288,4,100,0,0,0,1
17,13,20,40.63426588,-8.66014288,4,100,0,0,0,1
17,13,21,40.63426588,-8.66014288,4,100,0,0,0,1
17,13,21,40.63426588,-8.66014288,4,100,0,0,0,1
17,13,21,40.63426588,-8.66014288,4,100,0,0,0,1
17,13,21,40.63426588,-8.66014288,4,100,0,0,0,1
17,13,22,40.63426588,-8.66014288,4,100,0,0,0,1
17,13,22,40.63426588,-8.66014288,4,100,0,0,0,1
17,13,23,40.63426588,-8.66014288,4,100,0,0,0,1
17,13,23,40.63426588,-8.66014288,4,100,0,0,0,1
17,13,23,40.63426588,-8.66014288,4,100,0,0,0,1
17,13,24,40.63426588,-8.66014288,4,100,0,0,0,1
17,13,24,40.63426588,-8.66014288,4,100,0,0,0,1
17,13,24,40.63426588,-8.66014288,4,100,0,0,0,1
17,13,24,40.63426588,-8.66014288,4,100,0,0,0,1
17,13,25,40.63426588,-8.66014288,4,100,0,0,0,1
17,13,25,40.63426588,-8.66014288,4,100,0,0,0,1
17,13,25,40.63426588,-8.66014288,4,100,0,0,0,1
17,13,26,40.63426588,-8.66014288,4,100,0,0,0,1
17,13,26,40.63426588,-8.66014288,4,100,0,0,0,1
17,13,27,40.63426588,-8.66014288,4,100,0,0,0,1
17,13,27,40.63426588,-8.66014288,4,100,0,0,0,1
17,13,27,40.63426588,-8.66014288,4,100,0,0,0,1
17,13,27,40.63426588,-8.66014288,4,100,0,0,0,1
17,13,28,40.63426588,-8.66014288,4,100,0,0,0,1
17,13,28,40.63426588,-8.66014288,4,100,0,0,0,1
17,13,29,40.63426588,-8.66014288,4,100,0,0,0,1
17,13,29,40.63426588,-8.66014288,4,100,0,0,0,1
17,13,29,40.63426588,-8.66014288,4,100,0,0,0,1
17,13,30,40.63426588,-8.66014288,4,100,0,0,0,1
17,13,30,40.63426588,-8.66014288,4,100,0,0,0,1
17,13,30,40.63426588,-8.66014288,4,100,0,0,0,1
17,13,31,40.63426588,-8.66014288,4,100,0,0,0,1
17,13,31,40.63426588,-8.66014288,4,100,0,0,0,1
17,13,31,40.63426588,-8.66014288,4,100,0,0,0,1
17,13,32,40.63426588,-8.66014288,4,100,0,0,0,1
17,13,32,40.63426588,-8.66014288,4,100,0,0,0,1
17,13,32,40.63426588,-8.66014288,4,100,0,0,0,1
17,13,33,40.63426588,-8.66014288,4,100,0,0,0,1
17,13,33,40.63426588,-8.66014288,4,100,0,0,0,1
17,13,33,40.63426588,-8.66014288,4,100,0,0,0,1
17,13,34,40.63426588,-8.66014288,4,100,0,0,0,1
17,13,34,40.63426588,-8.66014288,4,100,0,0,0,1
17,13,34,40.63426588,-8.66014288,4,100,0,0,0,1
17,13,35,40.63426588,-8.66014288,4,100,0,0,0,1
17,13,35,40.63426588,-8.66014288,4,100,0,0,0,1
17,13,35,40.63426588,-8.66014288,4,100,0,0,0,1
17,13,36,40.63426588,-8.66014288,4,100,0,0,0,1
17,13,36,40.63426588,-8.66014288,4,46,0,0,0,1
17,13,36,40.63426588,-8.66014288,4,46,0,0,0,1
17,13,37,40.63426588,-8.66014288,4,100,0,0,0,1
17,13,37,40.63426588,-8.66014288,4,100,0,0,0,1
17,13,37,40.63426588,-8.66014288,4,100,0,0,0,1
17,13,38,40.63426588,-8.66014288,4,100,0,0,0,1
17,13,38,40.63426588,-8.66014288,4,100,0,0,0,1
17,13,38,40.63426588,-8.66014288,4,100,0,0,0,1
17,13,39,40.63426588,-8.66014288,4,100,0,0,0,1
17,13,39,40.63426588,-8.66014288,4,100,0,0,0,1
17,13,39,40.63426588,-8.66014288,4,100,0,0,0,1
17,13,40,40.63426588,-8.66014288,4,100,0,0,0,1
17,13,40,40.63426588,-8.66014288,4,100,0,0,0,1
17,13,40,40.63426588,-8.66014288,4,100,0,0,0,1
17,13,40,40.63426588,-8.66014288,4,100,0,0,0,1
17,13,41,40.63426588,-8.66014288,4,100,0,0,0,1
17,13,41,40.63426588,-8.66014288,4,100,0,0,0,1
17,13,42,40.63426588,-8.66014288,4,100,0,0,0,1
17,13,42,40.63426588,-8.66014288,4,100,0,0,0,1
17,13,42,40.63426588,-8.66014288,4,100,0,0,0,1
17,13,43,40.63426588,-8.66014288,4,100,0,0,0,1
17,13,43,40.63426588,-8.66014288,4,100,0,0,0,1
17,13,43,40.63426588,-8.66014288,4,100,0,0,0,1
17,13,44,40.63426588,-8.66014288,4,100,0,0,0,1
17,13,44,40.63426588,-8.66014288,4,100,0,0,0,1
17,13,44,40.63426588,-8.66014288,4,100,0,0,0,1
17,13,44,40.63426588,-8.66014288,4,100,0,0,0,1
17,13,45,40.63426588,-8.66014288,4,100,0,0,0,1
17,13,45,40.63426588,-8.66014288,4,100,0,0,0,1
17,13,46,40.63426588,-8.66014288,4,100,0,0,0,1
17,13,46,40.63426588,-8.66014288,4,100,0,0,0,1
17,13,46,40.63426588,-8.66014288,4,100,0,0,0,1
17,13,47,40.63426588,-8.66014288,4,100,0,0,0,1
17,13,47,40.63426588,-8.66014288,4,100,0,0,0,1
17,13,47,40.63426588,-8.66014288,4,100,0,0,0,1
17,13,47,40.63426588,-8.66014288,4,100,0,0,0,1
17,13,48,40.63426588,-8.66014288,4,100,0,0,0,1
17,13,48,40.63426588,-8.66014288,4,100,0,0,0,1
17,13,49,40.63426588,-8.66014288,4,100,0,0,0,1
17,13,49,40.63426588,-8.66014288,4,100,0,0,0,1
17,13,49,40.63426588,-8.66014288,4,100,0,0,0,1
17,13,50,40.63426588,-8.66014288,4,100,0,0,0,1
17,13,50,40.63426588,-8.66014288,4,100,0,0,0,1
17,13,50,40.63426588,-8.66014288,4,100,0,0,0,1
17,13,51,40.63426588,-8.66014288,4,100,0,0,0,1
17,13,51,40.63426588,-8.66014288,4,100,0,0,0,1
17,13,51,40.63426588,-8.66014288,4,100,0,0,0,1
17,13,52,40.63426588,-8.66014288,4,100,0,0,0,1
17,13,52,40.63426588,-8.66014288,4,100,0,0,0,1
17,13,52,40.63426588,-8.66014288,4,100,0,0,0,1
17,13,53,40.63426588,-8.66014288,4,100,0,0,0,1
17,13,53,40.63426588,-8.66014288,4,100,0,0,0,1
17,13,53,40.63426588,-8.66014288,4,100,0,0,0,1
17,13,54,40.63426588,-8.66014288,4,100,0,0,0,1
17,13,54,40.63426588,-8.66014288,4,100,0,0,0,1
17,13,54,40.63426588,-8.66014288,4,100,0,0,0,1
17,13,55,40.63426588,-8.66014288,4,100,0,0,0,1
17,13,55,40.63426588,-8.66014288,4,100,0,0,0,1
17,13,55,40.63426588,-8.66014288,4,100,0,0,0,1
17,13,56,40.63426588,-8.66014288,4,100,0,0,0,1
17,13,56,40.63426588,-8.66014288,4,100,0,0,0,1
17,13,56,40.63426588,-8.66014288,4,100,0,0,0,1
17,13,57,40.63426588,-8.66014288,4,100,0,0,0,1
17,13,57,40.63426588,-8.66014288,4,100,0,0,0,1
17,13,57,40.63426588,-8.66014288,4,100,0,0,0,1
17,13,58,40.63426588,-8.66014288,4,100,0,0,0,1
17,13,58,40.63426588,-8.66014288,4,100,0,0,0,1
17,13,58,40.63426588,-8.66014288,4,100,0,0,0,1
17,13,59,40.63426588,-8.66014288,4,100,0,0,0,1
17,13,59,40.63426588,-8.66014288,4,100,0,0,0,1
17,13,59,40.63426588,-8.66014288,4,100,0,0,0,1
17,14,0,40.63426588,-8.66014288,4,100,0,0,0,1
17,14,0,40.63426588,-8.66014288,4,100,0,0,0,1
17,14,0,40.63426588,-8.66014288,4,100,0,0,0,1
17,14,1,40.63426588,-8.66014288,4,100,0,0,0,1
17,14,1,40.63426588,-8.66014288,4,100,0,0,0,1
17,14,1,40.63426588,-8.66014288,4,100,0,0,0,1
17,14,2,40.63426588,-8.66014288,4,100,0,0,0,1
17,14,2,40.63426588,-8.66014288,4,100,0,0,0,1
17,14,2,40.63426588,-8.66014288,4,100,0,0,0,1
17,14,3,40.63426588,-8.66014288,4,100,0,0,0,1
