14,49,20,40.63425064,-8.66014288,5,10,0,0,0,1
14,49,21,40.63425064,-8.66014196,5,10,0,0,0,1
14,49,21,40.63425064,-8.66014004,5,10,0,0,0,1
14,49,21,40.63425064,-8.66014004,5,10,0,0,0,1
14,49,22,40.63425064,-8.66014004,5,10,0,0,0,1
14,49,22,40.63425064,-8.66013908,5,14,0,0,0,1
14,49,22,40.63425064,-8.66013908,5,14,0,0,0,1
14,49,23,40.63425064,-8.66013908,5,14,0,0,0,1
14,49,23,40.63425064,-8.66013812,5,13,0,0,0,1
14,49,23,40.63425064,-8.66013812,5,13,0,0,0,1
14,49,24,40.63425064,-8.66013812,5,13,0,1,0,1
14,49,24,40.63425064,-8.66013812,5,12,0,0,0,1
14,49,24,40.63425064,-8.66013624,5,12,0,0,0,1
14,49,25,40.63425064,-8.66013624,5,11,0,0,0,1
14,49,25,40.63425064,-8.66013624,5,11,0,0,0,1
14,49,25,40.63425064,-8.66013624,5,10,0,0,0,1
14,49,26,40.63425064,-8.66013624,5,10,0,1,0,1
14,49,26,40.63425064,-8.66013624,5,10,0,0,0,1
14,49,26,40.63425064,-8.66013624,5,10,0,0,0,1
14,49,27,40.63425064,-8.66013624,5,10,0,0,0,1
14,49,27,40.63425064,-8.66013624,5,10,0,0,0,1
14,49,27,40.63425064,-8.66013528,5,10,0,0,0,1
14,49,28,40.63425064,-8.66013528,5,10,0,0,0,1
14,49,28,40.63425064,-8.66013528,5,10,0,0,0,1
14,49,28,40.63425444,-8.66013528,5,10,0,0,0,1
14,49,29,40.63425444,-8.66013528,5,10,0,0,0,1
14,49,29,40.63425444,-8.66013528,5,13,0,0,0,1
14,49,29,40.63425444,-8.66013528,5,13,0,0,0,1
14,49,30,40.63425444,-8.66013528,5,14,0,1,0,1
14,49,30,40.63425444,-8.66013528,5,14,0,0,0,1
14,49,30,40.63425444,-8.66013528,5,14,0,0,0,1
14,49,31,40.63425444,-8.66013528,5,14,0,0,0,1
14,49,31,40.63425444,-8.66013528,5,16,0,0,0,1
14,49,31,40.63425444,-8.66013528,5,16,0,0,0,1
14,49,32,40.63425444,-8.66013528,5,16,0,0,0,1
14,49,32,40.63425444,-8.66013528,5,16,0,0,0,1
14,49,32,40.63425444,-8.66013528,5,16,0,0,0,1
14,49,33,40.63425444,-8.66013528,5,16,0,0,0,1
14,49,33,40.63425444,-8.66013528,5,18,0,0,0,1
14,49,33,40.63425444,-8.66013528,5,18,0,0,0,1
14,49,34,40.63425444,-8.66013528,5,18,0,0,0,1
14,49,34,40.63425444,-8.66013432,5,19,0,0,0,1
14,49,34,40.63425828,-8.66013432,5,19,0,0,0,1
14,49,35,40.63425828,-8.66013432,5,19,0,0,0,1
14,49,35,40.63425828,-8.66013432,5,20,0,0,0,1
14,49,35,40.63425828,-8.66013432,5,20,0,0,0,1
14,49,36,40.63425828,-8.66013432,5,18,0,0,0,1
14,49,36,40.63425828,-8.66013240,5,16,0,0,0,1
14,49,36,40.63425828,-8.66013240,5,16,0,0,0,1
14,49,37,40.63425828,-8.66013240,5,16,0,0,0,1
14,49,37,40.63425828,-8.66013240,5,14,0,0,0,1
14,49,37,40.63425828,-8.66013052,5,14,0,0,0,1
14,49,38,40.63425828,-8.66013052,5,13,0,0,0,1
14,49,38,40.63425828,-8.66013052,5,12,0,0,0,1
14,49,38,40.63425828,-8.66012956,5,12,0,0,0,1
14,49,39,40.63425828,-8.66012956,5,12,0,0,0,1
14,49,39,40.63425828,-8.66012956,5,10,0,0,0,1
14,49,39,40.63425828,-8.66012956,5,10,0,0,0,1
14,49,40,40.63425828,-8.66012956,5,10,0,0,0,1
14,49,40,40.63425828,-8.66012956,5,14,0,0,0,1
14,49,40,40.63425828,-8.66012860,5,14,0,0,0,1
14,49,41,40.63425828,-8.66012860,5,14,0,0,0,1
14,49,41,40.63425828,-8.66012860,5,14,0,0,0,1
14,49,41,40.63425828,-8.66012860,5,15,0,0,0,1
14,49,42,40.63425828,-8.66012860,5,15,0,0,0,1
14,49,42,40.63425828,-8.66012764,5,16,0,0,0,1
14,49,42,40.63425828,-8.66012764,5,16,0,0,0,1
14,49,43,40.63425828,-8.66012764,5,16,0,0,0,1
14,49,43,40.63425828,-8.66012764,5,16,0,0,0,1
14,49,43,40.63425828,-8.66012764,5,16,0,0,0,1
14,49,44,40.63425828,-8.66012764,5,16,0,0,0,1
14,49,44,40.63425828,-8.66012572,5,16,0,0,0,1
14,49,44,40.63425828,-8.66012572,5,16,0,0,0,1
14,49,45,40.63425828,-8.66012572,5,16,0,0,0,1
14,49,45,40.63425828,-8.66012572,5,16,0,0,0,1
14,49,45,40.63425828,-8.66012572,5,16,0,0,0,1
14,49,46,40.63425828,-8.66012572,5,16,0,0,0,1
14,49,46,40.63425828,-8.66012476,5,18,0,0,0,1
14,49,46,40.63425828,-8.66012476,5,18,0,0,0,1
14,49,47,40.63425828,-8.66012476,5,18,0,0,0,1
14,49,47,40.63425828,-8.66012476,5,18,0,0,0,1
14,49,47,40.63425828,-8.66012476,5,18,0,0,0,1
14,49,48,40.63425828,-8.66012476,5,16,0,0,0,1
14,49,48,40.63425828,-8.66012476,5,16,0,0,0,1
14,49,48,40.63425828,-8.66012476,5,16,0,0,0,1
14,49,49,40.63425828,-8.66012476,5,16,0,0,0,1
14,49,49,40.63425828,-8.66012476,5,17,0,0,0,1
14,49,49,40.63425828,-8.66012476,5,17,0,0,0,1
14,49,50,40.63425828,-8.66012476,5,17,0,0,0,1
14,49,50,40.63425828,-8.66012476,5,12,0,0,0,1
14,49,50,40.63425828,-8.66012476,5,12,0,0,0,1
14,49,51,40.63425828,-8.66012476,5,12,0,0,0,1
14,49,51,40.63426588,-8.66012476,5,12,0,0,0,1
14,49,51,40.63426588,-8.66012476,5,12,0,0,0,1
14,49,52,40.63426588,-8.66012476,5,12,0,0,0,1
14,49,52,40.63426588,-8.66012572,5,12,0,0,0,1
14,49,52,40.63426588,-8.66012572,5,18,0,0,0,1
14,49,53,40.63426588,-8.66012572,5,18,0,0,0,1
14,49,53,40.63426588,-8.66012572,5,18,0,0,0,1
14,49,53,40.63426588,-8.66012572,5,18,0,0,0,1
14,49,54,40.63426588,-8.66012572,5,17,0,0,0,1
14,49,54,40.63426588,-8.66012764,5,17,0,0,0,1
14,49,54,40.63426588,-8.66012764,5,17,0,0,0,1
14,49,55,40.63426588,-8.66012764,5,17,0,0,0,1
14,49,55,40.63426588,-8.66012764,5,17,0,0,0,1
14,49,55,40.63426588,-8.66012764,5,17,0,0,0,1
14,49,56,40.63426588,-8.66012764,5,17,0,0,0,1
14,49,56,40.63426588,-8.66012860,5,17,0,0,0,1
14,49,56,40.63426588,-8.66012860,5,17,0,0,0,1
14,49,57,40.63426588,-8.66012860,5,17,0,0,0,1
14,49,57,40.63426588,-8.66012860,5,15,0,0,0,1
14,49,57,40.63426588,-8.66012860,5,15,0,0,0,1
14,49,58,40.63426588,-8.66012860,5,15,0,0,0,1
14,49,58,40.63426588,-8.66012956,5,14,0,0,0,1
14,49,58,40.63426588,-8.66012956,5,14,0,0,0,1
14,49,59,40.63426588,-8.66012956,5,14,0,0,0,1
14,49,59,40.63426588,-8.66012956,5,14,0,0,0,1
14,49,59,40.63426588,-8.66012956,5,14,0,0,0,1
14,50,0,40.63426588,-8.66012956,5,14,0,0,0,1
14,50,0,40.63426588,-8.66012956,5,14,0,0,0,1
14,50,0,40.63426588,-8.66012956,5,14,0,0,0,1
14,50,1,40.63426588,-8.66012956,5,14,0,0,0,1
14,50,1,40.63426588,-8.66012956,5,14,0,0,0,1
14,50,1,40.63426588,-8.66012956,5,14,0,0,0,1
14,50,2,40.63426588,-8.66012956,5,14,0,0,0,1
14,50,2,40.63426588,-8.66012956,5,14,0,0,0,1
14,50,2,40.63426588,-8.66012956,5,14,0,0,0,1
14,50,3,40.63426588,-8.66012956,5,14,0,0,0,1
14,50,3,40.63426588,-8.66012956,5,14,0,0,0,1
14,50,3,40.63426588,-8.66012956,5,14,0,0,0,1
14,50,4,40.63426588,-8.66012956,5,14,0,0,0,1
14,50,4,40.63426588,-8.66013052,5,13,0,0,0,1
14,50,4,40.63426588,-8.66013052,5,13,0,0,0,1
14,50,5,40.63426588,-8.66013052,5,13,0,0,0,1
14,50,5,40.63426588,-8.66013052,5,13,0,0,0,1
14,50,5,40.63426588,-8.66013052,5,13,0,0,0,1
14,50,6,40.63426588,-8.66013052,5,13,0,0,0,1
14,50,6,40.63426588,-8.66013052,5,13,0,0,0,1
14,50,6,40.63426588,-8.66013240,5,13,0,0,0,1
14,50,7,40.63426588,-8.66013240,5,13,0,0,0,1
14,50,7,40.63426588,-8.66013240,5,11,0,0,0,1
14,50,7,40.63426588,-8.66013240,5,11,0,0,0,1
14,50,8,40.63426588,-8.66013240,5,11,0,0,0,1
14,50,8,40.63426588,-8.66013240,5,11,0,0,0,1
14,50,8,40.63426588,-8.66013432,5,11,0,0,0,1
14,50,9,40.63426588,-8.66013432,5,11,0,0,0,1
14,50,9,40.63426588,-8.66013432,5,10,0,0,0,1
14,50,9,40.63426588,-8.66013432,5,10,0,0,0,1
14,50,10,40.63426588,-8.66013432,5,10,0,0,0,1
14,50,10,40.63426972,-8.66013432,5,10,0,0,0,1
14,50,10,40.63426972,-8.66013432,5,10,0,0,0,1
14,50,11,40.63426972,-8.66013432,5,10,0,0,0,1
14,50,11,40.63426972,-8.66013432,5,10,0,0,0,1
14,50,11,40.63426972,-8.66013528,5,10,0,0,0,1
14,50,12,40.63426972,-8.66013528,5,10,0,0,0,1
14,50,12,40.63426972,-8.66013528,5,10,0,0,0,1
14,50,12,40.63426972,-8.66013528,5,10,0,0,0,1
14,50,13,40.63426972,-8.66013528,5,10,0,0,0,1
14,50,13,40.63426972,-8.66013528,5,10,0,0,0,1
14,50,13,40.63426972,-8.66013528,5,10,0,0,0,1
14,50,14,40.63426972,-8.66013528,5,10,0,0,0,1
14,50,14,40.63426972,-8.66013528,5,10,0,0,0,1
14,50,14,40.63426972,-8.66013528,5,10,0,0,0,1
14,50,15,40.63426972,-8.66013528,5,10,0,0,0,1
14,50,15,40.63426972,-8.66013624,5,10,0,0,0,1
14,50,15,40.63426972,-8.66013624,5,10,0,0,0,1
14,50,16,40.63426972,-8.66013624,5,10,0,0,0,1
14,50,16,40.63426972,-8.66013624,5,10,0,0,0,1
14,50,16,40.63426972,-8.66013624,5,10,0,0,0,1
14,50,17,40.63426972,-8.66013624,5,10,0,0,0,1
14,50,17,40.63426972,-8.66013624,5,10,0,0,0,1
14,50,17,40.63427352,-8.66013624,5,10,0,0,0,1
14,50,18,40.63427352,-8.66013624,5,10,0,0,0,1
14,50,18,40.63427352,-8.66013624,5,10,0,0,0,1
14,50,18,40.63427352,-8.66013624,5,10,0,0,0,1
14,50,19,40.63427352,-8.66013624,5,10,0,0,0,1
14,50,19,40.63427352,-8.66013624,5,10,0,0,0,1
14,50,19,40.63427352,-8.66013624,5,10,0,0,0,1
14,50,20,40.63427352,-8.66013624,5,10,0,0,0,1
14,50,20,40.63427352,-8.66013624,5,10,0,0,0,1
14,50,20,40.63427352,-8.66013624,5,10,0,0,0,1
14,50,21,40.63427352,-8.66013624,5,10,0,0,0,1
14,50,21,40.63427352,-8.66013624,5,10,0,0,0,1
14,50,21,40.63427352,-8.66013624,5,10,0,0,0,1
14,50,22,40.63427352,-8.66013624,5,10,0,0,0,1
14,50,22,40.63427352,-8.66013624,5,11,0,0,0,1
14,50,22,40.63427352,-8.66013624,5,11,0,0,0,1
14,50,23,40.63427352,-8.66013624,5,11,0,0,0,1
14,50,23,40.63427352,-8.66013624,5,11,0,0,0,1
14,50,23,40.63427352,-8.66013624,5,11,0,0,0,1
14,50,24,40.63427352,-8.66013624,5,11,0,1,0,1
14,50,24,40.63427352,-8.66013624,5,11,0,0,0,1
14,50,24,40.63427352,-8.66013812,5,11,0,0,0,1
14,50,25,40.63427352,-8.66013812,5,11,0,0,0,1
14,50,25,40.63427352,-8.66013812,5,11,0,0,0,1
14,50,25,40.63427352,-8.66013812,5,11,0,0,0,1
14,50,26,40.63427352,-8.66013812,5,11,0,0,0,1
14,50,26,40.63427352,-8.66013812,5,11,0,0,0,1
14,50,26,40.63427352,-8.66013812,5,11,0,0,0,1
14,50,27,40.63427352,-8.66013812,5,11,0,0,0,1
14,50,27,40.63426972,-8.66013812,5,11,0,0,0,1
14,50,27,40.63426972,-8.66013812,5,11,0,0,0,1
14,50,28,40.63426972,-8.66013812,5,11,0,0,0,1
14,50,28,40.63426972,-8.66013812,5,11,0,0,0,1
14,50,28,40.63426972,-8.66013812,5,11,0,0,0,1
14,50,29,40.63426972,-8.66013812,5,10,0,0,0,1
14,50,29,40.63426972,-8.66013908,5,10,0,0,0,1
14,50,29,40.63426972,-8.66013908,5,10,0,0,0,1
14,50,30,40.63426972,-8.66013908,5,10,0,0,0,1
14,50,30,40.63426972,-8.66013908,5,10,0,0,0,1
14,50,30,40.63426972,-8.66013908,5,10,0,0,0,1
14,50,31,40.63426972,-8.66013908,5,10,0,0,0,1
14,50,31,40.63426972,-8.66013908,5,10,0,0,0,1
14,50,31,40.63426972,-8.66013908,5,10,0,0,0,1
14,50,32,40.63426972,-8.66013908,5,10,0,0,0,1
14,50,32,40.63426972,-8.66013812,5,10,0,0,0,1
14,50,32,40.63426972,-8.66013812,5,10,0,0,0,1
14,50,33,40.63426972,-8.66013812,5,10,0,0,0,1
14,50,33,40.63426972,-8.66013812,5,10,0,0,0,1
14,50,33,40.63426972,-8.66013812,5,10,0,0,0,1
14,50,34,40.63426972,-8.66013812,5,10,0,0,0,1
14,50,34,40.63426972,-8.66013812,5,10,0,0,0,1
14,50,34,40.63426972,-8.66013812,5,10,0,0,0,1
14,50,35,40.63426972,-8.66013812,5,10,0,0,0,1
14,50,35,40.63426972,-8.66013812,5,10,0,0,0,1
14,50,35,40.63426972,-8.66013812,5,10,0,0,0,1
14,50,36,40.63426972,-8.66013812,5,10,0,0,0,1
14,50,36,40.63426972,-8.66013812,5,10,0,0,0,1
14,50,36,40.63426972,-8.66013812,5,10,0,0,0,1
14,50,37,40.63426972,-8.66013812,5,10,0,0,0,1
14,50,37,40.63426972,-8.66013812,5,10,0,0,0,1
14,50,37,40.63426972,-8.66013812,5,10,0,0,0,1
14,50,38,40.63426972,-8.66013812,5,10,0,0,0,1
14,50,38,40.63426972,-8.66013812,5,10,0,0,0,1
14,50,38,40.63426972,-8.66013812,5,10,0,0,0,1
14,50,39,40.63426972,-8.66013812,5,10,0,0,0,1
14,50,39,40.63426972,-8.66013812,5,10,0,0,0,1
14,50,39,40.63426972,-8.66013812,5,10,0,0,0,1
14,50,40,40.63426972,-8.66013812,5,11,0,0,0,1
14,50,40,40.63426972,-8.66013812,5,11,0,0,0,1
14,50,40,40.63426972,-8.66013812,5,11,0,0,0,1
14,50,41,40.63426972,-8.66013812,5,11,0,0,0,1
14,50,41,40.63426972,-8.66013812,5,11,0,0,0,1
14,50,41,40.63426972,-8.66013812,5,11,0,0,0,1
14,50,42,40.63426972,-8.66013812,5,11,0,0,0,1
14,50,42,40.63426972,-8.66013812,5,12,0,0,0,1
14,50,42,40.63426972,-8.66013812,5,12,0,0,0,1
14,50,43,40.63426972,-8.66013812,5,12,0,0,0,1
14,50,43,40.63426972,-8.66013812,5,12,0,0,0,1
14,50,43,40.63426972,-8.66013812,5,12,0,0,0,1
14,50,44,40.63426972,-8.66013812,5,12,0,0,0,1
14,50,44,40.63426972,-8.66013812,5,12,0,0,0,1
14,50,44,40.63426588,-8.66013812,5,12,0,0,0,1
14,50,45,40.63426588,-8.66013812,5,12,0,0,0,1
14,50,45,40.63426588,-8.66013812,5,13,0,0,0,1
14,50,45,40.63426588,-8.66013812,5,13,0,0,0,1
14,50,46,40.63426588,-8.66013812,5,13,0,0,0,1
14,50,46,40.63426588,-8.66013812,5,13,0,0,0,1
14,50,46,40.63426588,-8.66013812,5,13,0,0,0,1
14,50,47,40.63426588,-8.66013812,5,13,0,0,0,1
14,50,47,40.63426588,-8.66013812,5,13,0,0,0,1
14,50,47,40.63426588,-8.66013812,5,13,0,0,0,1
14,50,48,40.63426588,-8.66013812,5,13,0,0,0,1
14,50,48,40.63426588,-8.66013812,5,14,0,0,0,1
14,50,48,40.63426588,-8.66013812,5,14,0,0,0,1
14,50,49,40.63426588,-8.66013812,5,14,0,0,0,1
14,50,49,40.63426588,-8.66013812,5,15,0,0,0,1
14,50,49,40.63426588,-8.66013812,5,15,0,0,0,1
14,50,50,40.63426588,-8.66013812,5,15,0,0,0,1
14,50,50,40.63426588,-8.66013812,5,16,0,0,0,1
14,50,50,40.63426588,-8.66013908,5,16,0,0,0,1
14,50,51,40.63426588,-8.66013812,5,16,0,0,0,1
14,50,51,40.63426588,-8.66013908,5,12,0,0,0,1
14,50,51,40.63426588,-8.66013908,5,12,0,0,0,1
14,50,52,40.63426588,-8.66013908,5,12,0,0,0,1
14,50,52,40.63426588,-8.66013908,5,12,0,0,0,1
14,50,52,40.63426588,-8.66013908,5,12,0,0,0,1
14,50,53,40.63426588,-8.66013908,5,12,0,0,0,1
14,50,53,40.63426588,-8.66013908,5,14,0,0,0,1
14,50,53,40.63426588,-8.66014004,5,14,0,0,0,1
14,50,54,40.63426588,-8.66014004,5,14,0,0,0,1
14,50,54,40.63426588,-8.66014004,5,13,0,0,0,1
14,50,54,40.63426588,-8.66014004,5,13,0,0,0,1
14,50,55,40.63426588,-8.66014004,5,13,0,0,0,1
14,50,55,40.63426588,-8.66014004,5,15,0,0,0,1
14,50,55,40.63426588,-8.66014004,5,15,0,0,0,1
14,50,56,40.63426588,-8.66014004,5,15,0,0,0,1
14,50,56,40.63426588,-8.66014004,5,15,0,0,0,1
14,50,56,40.63426588,-8.66014004,5,15,0,0,0,1
14,50,57,40.63426588,-8.66014004,5,15,0,0,0,1
14,50,57,40.63426588,-8.66014004,5,11,0,0,0,1
14,50,57,40.63426588,-8.66014196,5,11,0,0,0,1
14,50,58,40.63426588,-8.66014196,5,11,0,0,0,1
14,50,58,40.63426588,-8.66014196,5,11,0,0,0,1
14,50,58,40.63426588,-8.66014196,5,11,0,0,0,1
14,50,59,40.63426588,-8.66014196,5,11,0,0,0,1
14,50,59,40.63426588,-8.66014196,5,11,0,0,0,1
14,50,59,40.63426588,-8.66014196,5,11,0,0,0,1
14,51,0,40.63426588,-8.66014196,5,11,0,0,0,1
14,51,0,40.63426588,-8.66014196,5,10,0,0,0,1
14,51,0,40.63426588,-8.66014196,5,10,0,0,0,1
14,51,1,40.63426588,-8.66014196,5,10,0,0,0,1
14,51,1,40.63426588,-8.66014196,5,10,0,0,0,1
14,51,1,40.63426588,-8.66014196,5,10,0,0,0,1
14,51,2,40.63426588,-8.66014196,5,10,0,0,0,1
14,51,2,40.63426588,-8.66014196,5,11,0,0,0,1
14,51,2,40.63426588,-8.66014196,5,11,0,0,0,1
14,51,3,40.63426588,-8.66014196,5,11,0,0,0,1
14,51,3,40.63426588,-8.66014196,5,12,0,0,0,1
14,51,3,40.63426588,-8.66014288,5,12,0,0,0,1
14,51,4,40.63426588,-8.66014288,5,12,0,0,0,1
14,51,4,40.63426588,-8.66014288,5,12,0,0,0,1
14,51,4,40.63426588,-8.66014288,5,12,0,0,0,1
14,51,5,40.63426588,-8.66014288,5,12,0,0,0,1
14,51,5,40.63426588,-8.66014288,5,12,0,0,0,1
14,51,5,40.63426588,-8.66014288,5,12,0,0,0,1
14,51,6,40.63426588,-8.66014288,5,12,0,0,0,1
14,51,6,40.63426588,-8.66014288,5,13,0,0,0,1
14,51,6,40.63426588,-8.66014288,5,13,0,0,0,1
14,51,7,40.63426588,-8.66014288,5,13,0,0,0,1
14,51,7,40.63426588,-8.66014288,5,13,0,0,0,1
14,51,7,40.63426588,-8.66014288,5,13,0,0,0,1
14,51,8,40.63426588,-8.66014288,5,13,0,0,0,1
14,51,8,40.63426588,-8.66014288,5,13,0,0,0,1
14,51,8,40.63426588,-8.66014288,5,13,0,0,0,1
14,51,9,40.63426588,-8.66014288,5,13,0,0,0,1
14,51,9,40.63426588,-8.66014288,5,13,0,0,0,1
14,51,9,40.63426588,-8.66014288,5,13,0,0,0,1
14,51,10,40.63426588,-8.66014288,5,13,0,0,0,1
14,51,10,40.63426588,-8.66014288,5,13,0,0,0,1
14,51,10,40.63426588,-8.66014288,5,13,0,0,0,1
14,51,11,40.63426588,-8.66014288,5,13,0,0,0,1
14,51,11,40.63426588,-8.66014288,5,13,0,0,0,1
14,51,11,40.63426588,-8.66014288,5,13,0,0,0,1
14,51,12,40.63426588,-8.66014288,5,13,0,0,0,1
14,51,12,40.63426588,-8.66014196,5,13,0,0,0,1
14,51,12,40.63426588,-8.66014196,5,13,0,0,0,1
14,51,13,40.63426588,-8.66014196,5,13,0,0,0,1
14,51,13,40.63426588,-8.66014196,5,10,0,0,0,1
14,51,13,40.63426588,-8.66014196,5,10,0,0,0,1
14,51,14,40.63426588,-8.66014196,5,10,0,0,0,1
14,51,14,40.63426588,-8.66014196,5,10,0,0,0,1
14,51,14,40.63426588,-8.66014288,5,10,0,0,0,1
14,51,15,40.63426588,-8.66014288,5,10,0,0,0,1
14,51,15,40.63426588,-8.66014288,5,10,0,0,0,1
14,51,15,40.63426588,-8.66014288,5,10,0,0,0,1
14,51,16,40.63426588,-8.66014288,5,10,0,0,0,1
14,51,16,40.63426588,-8.66014288,5,10,0,0,0,1
14,51,16,40.63426588,-8.66014288,5,10,0,0,0,1
14,51,17,40.63426588,-8.66014288,5,10,0,0,0,1
14,51,17,40.63426588,-8.66014288,5,10,0,0,0,1
14,51,17,40.63425828,-8.66014672,4,10,0,0,0,1
14,51,18,40.63425828,-8.66014672,4,30,0,0,0,1
14,51,18,40.63426588,-8.66014288,5,30,0,0,0,1
14,51,18,40.63426588,-8.66014288,5,30,0,0,0,1
14,51,19,40.63426588,-8.66014288,5,30,0,1,0,1
14,51,19,40.63426588,-8.66014288,5,29,0,0,0,1
14,51,19,40.63426588,-8.66014288,5,29,0,0,0,1
14,51,20,40.63426588,-8.66014288,5,29,0,1,0,1
14,51,20,40.63426588,-8.66014288,5,29,0,0,0,1
14,51,20,40.63426588,-8.66014288,5,29,0,0,0,1
14,51,21,40.63426588,-8.66014288,5,29,0,0,0,1
14,51,21,40.63426588,-8.66014288,5,29,0,0,0,1
14,51,21,40.63426588,-8.66014288,5,29,0,0,0,1
14,51,22,40.63426588,-8.66014288,5,29,0,0,0,1
14,51,22,40.63426588,-8.66014288,5,29,0,0,0,1
14,51,22,40.63426588,-8.66014288,5,29,0,0,0,1
14,51,23,40.63426588,-8.66014288,5,29,0,0,0,1
14,51,23,40.63426588,-8.66014288,5,11,0,0,0,1
14,51,23,40.63426588,-8.66014288,5,11,0,0,0,1
14,51,24,40.63426588,-8.66014288,5,11,0,0,0,1
14,51,24,40.63426588,-8.66014288,5,10,0,0,0,1
14,51,24,40.63426588,-8.66014288,5,10,0,0,0,1
14,51,25,40.63426588,-8.66014288,5,10,0,1,0,1
14,51,25,40.63426588,-8.66014288,5,10,0,0,0,1
14,51,25,40.63426588,-8.66014288,5,10,0,0,0,1
14,51,26,40.63426588,-8.66014288,5,10,0,0,0,1
14,51,26,40.63426588,-8.66014288,5,10,0,0,0,1
14,51,26,40.63426588,-8.66014288,5,10,0,0,0,1
14,51,27,40.63426588,-8.66014288,5,10,0,0,0,1
14,51,27,40.63426588,-8.66014288,5,10,0,0,0,1
14,51,27,40.63426588,-8.66014288,5,10,0,0,0,1
14,51,28,40.63426588,-8.66014288,5,10,0,0,0,1
14,51,28,40.63426588,-8.66014288,5,10,0,0,0,1
14,51,28,40.63426588,-8.66014288,5,10,0,0,0,1
14,51,29,40.63426588,-8.66014288,5,10,0,0,0,1
14,51,29,40.63426588,-8.66014288,5,10,0,0,0,1
14,51,29,40.63426588,-8.66014288,5,10,0,0,0,1
14,51,30,40.63426588,-8.66014288,5,10,0,0,0,1
14,51,30,40.63426588,-8.66014288,5,10,0,0,0,1
14,51,30,40.63426588,-8.66014288,5,10,0,0,0,1
14,51,31,40.63426588,-8.66014288,5,10,0,0,0,1
14,51,31,40.63426588,-8.66014288,5,10,0,0,0,1
14,51,31,40.63426588,-8.66014288,5,10,0,0,0,1
14,51,32,40.63426588,-8.66014288,5,10,0,0,0,1
14,51,32,40.63426588,-8.66014288,5,10,0,0,0,1
14,51,32,40.63426588,-8.66014288,5,10,0,0,0,1
14,51,33,40.63426588,-8.66014288,5,10,0,0,0,1
14,51,33,40.63426588,-8.66014288,5,11,0,0,0,1
14,51,33,40.63426588,-8.66014288,5,11,0,0,0,1
14,51,34,40.63426588,-8.66014288,5,11,0,0,0,1
14,51,34,40.63426588,-8.66014288,5,11,0,0,0,1
14,51,34,40.63426588,-8.66014288,5,11,0,0,0,1
14,51,35,40.63426588,-8.66014288,5,11,0,0,0,1
14,51,35,40.63426588,-8.66014288,5,11,0,0,0,1
14,51,35,40.63426588,-8.66014288,5,11,0,0,0,1
14,51,36,40.63426588,-8.66014288,5,11,0,0,0,1
14,51,36,40.63426588,-8.66014288,5,11,0,0,0,1
14,51,36,40.63426588,-8.66014288,5,11,0,0,0,1
14,51,37,40.63426588,-8.66014288,5,11,0,0,0,1
14,51,37,40.63426588,-8.66014288,5,11,0,0,0,1
14,51,37,40.63426588,-8.66014288,5,11,0,0,0,1
14,51,38,40.63426588,-8.66014288,5,11,0,0,0,1
14,51,38,40.63426588,-8.66014288,5,11,0,0,0,1
14,51,38,40.63426588,-8.66014288,5,11,0,0,0,1
14,51,39,40.63426588,-8.66014288,5,11,0,0,0,1
14,51,39,40.63426588,-8.66014288,5,11,0,0,0,1
14,51,39,40.63426588,-8.66014288,5,11,0,0,0,1
14,51,40,40.63426588,-8.66014288,5,11,0,0,0,1
14,51,40,40.63426588,-8.66014288,5,11,0,0,0,1
14,51,40,40.63426588,-8.66014288,5,11,0,0,0,1
14,51,41,40.63426588,-8.66014288,5,11,0,0,0,1
14,51,41,40.63426588,-8.66014288,5,11,0,0,0,1
14,51,41,40.63426588,-8.66014288,5,11,0,0,0,1
14,51,42,40.63426588,-8.66014288,5,11,0,1,0,1
14,51,42,40.63426588,-8.66014288,5,11,0,0,0,1
14,51,42,40.63426588,-8.66014288,5,11,0,0,0,1
14,51,43,40.63426588,-8.66014288,5,11,0,0,0,1
14,51,43,40.63426588,-8.66014288,5,11,0,0,0,1
14,51,43,40.63426588,-8.66014288,5,11,0,0,0,1
14,51,44,40.63426588,-8.66014288,5,11,0,1,0,1
14,51,44,40.63426588,-8.66014384,5,11,0,0,0,1
14,51,44,40.63426588,-8.66014384,5,11,0,0,0,1
14,51,45,40.63426588,-8.66014384,5,11,0,0,0,1
14,51,45,40.63426588,-8.66014384,5,11,0,0,0,1
14,51,45,40.63426588,-8.66014384,5,11,0,0,0,1
14,51,46,40.63426588,-8.66014384,5,11,0,0,0,1
14,51,46,40.63426588,-8.66014384,5,11,0,0,0,1
14,51,46,40.63426588,-8.66014384,5,11,0,0,0,1
14,51,47,40.63426588,-8.66014384,5,11,0,0,0,1
14,51,47,40.63426588,-8.66014384,5,11,0,0,0,1
14,51,47,40.63426588,-8.66014384,5,11,0,0,0,1
14,51,48,40.63426588,-8.66014384,5,11,0,0,0,1
14,51,48,40.63426588,-8.66014384,5,10,0,0,0,1
14,51,48,40.63426588,-8.66014384,5,10,0,0,0,1
14,51,49,40.63426588,-8.66014384,5,10,0,0,0,1
14,51,49,40.63426588,-8.66014384,5,10,0,0,0,1
14,51,49,40.63426588,-8.66014384,5,10,0,0,0,1
14,51,50,40.63426588,-8.66014384,5,10,0,0,0,1
14,51,50,40.63426588,-8.66014384,5,10,0,0,0,1
14,51,50,40.63426588,-8.66014384,5,10,0,0,0,1
14,51,51,40.63426588,-8.66014384,5,10,0,0,0,1
14,51,51,40.63426588,-8.66014384,5,10,0,0,0,1
14,51,51,40.63426588,-8.66014384,5,10,0,0,0,1
14,51,52,40.63426588,-8.66014384,5,10,0,0,0,1
14,51,52,40.63426588,-8.66014384,5,10,0,0,0,1
14,51,52,40.63426588,-8.66014384,5,10,0,0,0,1
14,51,53,40.63426588,-8.66014384,5,12,0,0,0,1
14,51,53,40.63426588,-8.66014384,5,11,0,0,0,1
14,51,53,40.63426588,-8.66014288,5,11,0,0,0,1
14,51,54,40.63426588,-8.66014288,5,11,0,0,0,1
14,51,54,40.63426588,-8.66014288,5,10,0,0,0,1
14,51,54,40.63426588,-8.66014288,5,10,0,0,0,1
14,51,55,40.63426588,-8.66014288,5,10,0,0,0,1
14,51,55,40.63426588,-8.66014288,5,11,0,0,0,1
14,51,55,40.63426588,-8.66014288,5,11,0,0,0,1
14,51,56,40.63426588,-8.66014288,5,12,0,0,0,1
14,51,56,40.63426588,-8.66014288,5,12,0,0,0,1
14,51,56,40.63426588,-8.66014288,5,12,0,0,0,1
14,51,57,40.63426588,-8.66014288,5,12,0,0,0,1
14,51,57,40.63426588,-8.66014288,5,11,0,0,0,1
14,51,57,40.63426588,-8.66014288,5,11,0,0,0,1
14,51,58,40.63426588,-8.66014288,5,11,0,0,0,1
14,51,58,40.63426588,-8.66014288,5,11,0,0,0,1
14,51,58,40.63426588,-8.66014288,5,11,0,0,0,1
14,51,59,40.63426588,-8.66014288,5,11,0,0,0,1
14,51,59,40.63426588,-8.66014288,5,11,0,0,0,1
14,51,59,40.63426588,-8.66014288,5,11,0,0,0,1
14,52,0,40.63426588,-8.66014288,5,11,0,0,0,1
14,52,0,40.63426588,-8.66014288,5,11,0,0,0,1
14,52,0,40.63426588,-8.66014288,5,11,0,0,0,1
14,52,1,40.63426588,-8.66014288,5,11,0,0,0,1
14,52,1,40.63426588,-8.66014288,5,11,0,0,0,1
14,52,1,40.63426588,-8.66014288,5,11,0,0,0,1
14,52,2,40.63426588,-8.66014288,5,11,0,0,0,1
14,52,2,40.63426588,-8.66014288,5,11,0,0,0,1
14,52,2,40.63426588,-8.66014288,5,11,0,0,0,1
14,52,3,40.63426588,-8.66014288,5,11,0,0,0,1
14,52,3,40.63426588,-8.66014288,5,11,0,0,0,1
14,52,3,40.63426588,-8.66014288,5,11,0,0,0,1
14,52,4,40.63426588,-8.66014288,5,11,0,0,0,1
14,52,4,40.63426588,-8.66014288,5,11,0,0,0,1
14,52,4,40.63426588,-8.66014288,5,11,0,0,0,1
14,52,5,40.63426588,-8.66014288,5,11,0,0,0,1
14,52,5,40.63426588,-8.66014288,5,12,0,0,0,1
14,52,5,40.63426588,-8.66014288,5,12,0,0,0,1
14,52,6,40.63426588,-8.66014288,5,12,0,0,0,1
14,52,6,40.63426588,-8.66014288,5,12,0,0,0,1
14,52,6,40.63426588,-8.66014288,5,12,0,0,0,1
14,52,7,40.63426588,-8.66014288,5,12,0,0,0,1
14,52,7,40.63426588,-8.66014288,5,12,0,0,0,1
14,52,7,40.63426588,-8.66014384,5,12,0,0,0,1
14,52,8,40.63426588,-8.66014384,5,12,0,0,0,1
14,52,8,40.63426588,-8.66014384,5,12,0,0,0,1
14,52,8,40.63426588,-8.66014384,5,12,0,0,0,1
14,52,9,40.63426588,-8.66014384,5,12,0,0,0,1
14,52,9,40.63426588,-8.66014384,5,12,0,0,0,1
14,52,9,40.63426588,-8.66014384,5,12,0,0,0,1
14,52,10,40.63426588,-8.66014384,5,12,0,0,0,1
14,52,10,40.63426588,-8.66014384,5,12,0,0,0,1
14,52,10,40.63426588,-8.66014384,5,12,0,0,0,1
14,52,11,40.63426588,-8.66014384,5,12,0,0,0,1
14,52,11,40.63426588,-8.66014384,5,12,0,0,0,1
14,52,11,40.63426588,-8.66014384,5,12,0,0,0,1
14,52,12,40.63426588,-8.66014384,5,12,0,0,0,1
14,52,12,40.63426588,-8.66014384,5,12,0,0,0,1
14,52,12,40.63426588,-8.66014384,5,12,0,0,0,1
14,52,13,40.63426588,-8.66014384,5,12,0,0,0,1
14,52,13,40.63426588,-8.66014384,5,12,0,0,0,1
14,52,13,40.63426588,-8.66014384,5,12,0,0,0,1
14,52,14,40.63426588,-8.66014384,5,12,0,0,0,1
14,52,14,40.63426588,-8.66014384,5,12,0,0,0,1
14,52,14,40.63426588,-8.66014384,5,12,0,0,0,1
14,52,15,40.63426588,-8.66014384,5,12,0,0,0,1
14,52,15,40.63426588,-8.66014384,5,12,0,0,0,1
14,52,15,40.63426588,-8.66014384,5,12,0,0,0,1
14,52,16,40.63426588,-8.66014384,5,12,0,0,0,1
14,52,16,40.63426588,-8.66014288,5,10,0,0,0,1
14,52,16,40.63426588,-8.66014288,5,10,0,0,0,1
14,52,17,40.63426588,-8.66014288,5,10,0,0,0,1
14,52,17,40.63426588,-8.66014288,5,12,0,0,0,1
14,52,17,40.63426588,-8.66014288,5,12,0,0,0,1
14,52,18,40.63426588,-8.66014288,5,12,0,0,0,1
14,52,18,40.63426588,-8.66014288,5,12,0,0,0,1
14,52,18,40.63426588,-8.66014288,5,12,0,0,0,1
14,52,19,40.63426588,-8.66014288,5,12,0,0,0,1
14,52,19,40.63426588,-8.66014288,5,12,0,0,0,1
14,52,19,40.63426588,-8.66014288,5,12,0,0,0,1
14,52,20,40.63426588,-8.66014288,5,12,0,0,0,1
14,52,20,40.63426588,-8.66014288,5,12,0,0,0,1
14,52,20,40.63426588,-8.66014288,5,12,0,0,0,1
14,52,21,40.63426588,-8.66014288,5,12,0,0,0,1
14,52,21,40.63426588,-8.66014288,5,12,0,0,0,1
14,52,21,40.63426588,-8.66014288,5,12,0,0,0,1
14,52,22,40.63426588,-8.66014288,5,12,0,0,0,1
14,52,22,40.63426588,-8.66014288,5,12,0,0,0,1
14,52,22,40.63426588,-8.66014288,5,12,0,0,0,1
14,52,23,40.63426588,-8.66014288,5,12,0,0,0,1
14,52,23,40.63426588,-8.66014288,5,12,0,0,0,1
14,52,23,40.63426588,-8.66014384,5,12,0,0,0,1
14,52,24,40.63426588,-8.66014384,5,12,0,0,0,1
14,52,24,40.63426588,-8.66014384,5,12,0,0,0,1
14,52,24,40.63426588,-8.66014384,5,12,0,0,0,1
14,52,25,40.63426588,-8.66014384,5,12,0,0,0,1
14,52,25,40.63426588,-8.66014384,5,12,0,0,0,1
14,52,25,40.63426588,-8.66014384,5,12,0,0,0,1
14,52,26,40.63426588,-8.66014384,5,12,0,0,0,1
14,52,26,40.63426588,-8.66014384,5,12,0,0,0,1
14,52,26,40.63426588,-8.66014384,5,12,0,0,0,1
14,52,27,40.63426588,-8.66014384,5,12,0,0,0,1
14,52,27,40.63426588,-8.66014384,5,12,0,0,0,1
14,52,27,40.63426588,-8.66014384,5,12,0,0,0,1
14,52,28,40.63426588,-8.66014384,5,12,0,0,0,1
14,52,28,40.63426588,-8.66014384,5,11,0,0,0,1
14,52,28,40.63426588,-8.66014384,5,11,0,0,0,1
14,52,29,40.63426588,-8.66014384,5,11,0,0,0,1
14,52,29,40.63426588,-8.66014384,5,11,0,0,0,1
14,52,29,40.63426588,-8.66014384,5,11,0,0,0,1
14,52,30,40.63426588,-8.66014384,5,11,0,0,0,1
14,52,30,40.63426588,-8.66014384,5,11,0,0,0,1
14,52,30,40.63426588,-8.66014384,5,11,0,0,0,1
14,52,31,40.63426588,-8.66014384,5,11,0,0,0,1
14,52,31,40.63426588,-8.66014384,5,12,0,0,0,1
14,52,31,40.63426588,-8.66014384,5,12,0,0,0,1
14,52,32,40.63426588,-8.66014384,5,12,0,0,0,1
14,52,32,40.63426588,-8.66014384,5,11,0,0,0,1
14,52,32,40.63426588,-8.66014384,5,11,0,0,0,1
14,52,33,40.63426588,-8.66014384,5,11,0,0,0,1
14,52,33,40.63426588,-8.66014384,5,11,0,0,0,1
14,52,33,40.63426588,-8.66014384,5,11,0,0,0,1
14,52,34,40.63426588,-8.66014384,5,11,0,0,0,1
14,52,34,40.63426588,-8.66014384,5,11,0,0,0,1
14,52,34,40.63426588,-8.66014384,5,11,0,0,0,1
14,52,35,40.63426588,-8.66014384,5,11,0,0,0,1
14,52,35,40.63426588,-8.66014384,5,11,0,0,0,1
14,52,35,40.63426588,-8.66014384,5,11,0,0,0,1
14,52,36,40.63426588,-8.66014384,5,11,0,0,0,1
14,52,36,40.63426588,-8.66014384,5,11,0,0,0,1
14,52,36,40.63426588,-8.66014384,5,11,0,0,0,1
14,52,37,40.63426588,-8.66014384,5,11,0,0,0,1
14,52,37,40.63426588,-8.66014384,5,11,0,0,0,1
14,52,37,40.63426588,-8.66014384,5,11,0,0,0,1
14,52,38,40.63426588,-8.66014384,5,11,0,0,0,1
14,52,38,40.63426588,-8.66014384,5,11,0,0,0,1
14,52,38,40.63426588,-8.66014384,5,11,0,0,0,1
14,52,39,40.63426588,-8.66014384,5,11,0,0,0,1
14,52,39,40.63426588,-8.66014384,5,11,0,0,0,1
14,52,39,40.63426588,-8.66014384,5,11,0,0,0,1
14,52,40,40.63426588,-8.66014384,5,11,0,0,0,1
14,52,40,40.63426588,-8.66014480,5,11,0,0,0,1
14,52,40,40.63426588,-8.66014480,5,11,0,0,0,1
14,52,41,40.63426588,-8.66014480,5,11,0,0,0,1
14,52,41,40.63426588,-8.66014480,5,11,0,0,0,1
14,52,41,40.63426588,-8.66014480,5,11,0,0,0,1
14,52,42,40.63426588,-8.66014480,5,11,0,0,0,1
14,52,42,40.63426588,-8.66014480,5,11,0,0,0,1
14,52,42,40.63426588,-8.66014480,5,11,0,0,0,1
14,52,43,40.63426588,-8.66014480,5,11,0,0,0,1
14,52,43,40.63426588,-8.66014480,5,11,0,0,0,1
14,52,43,40.63426588,-8.66014480,5,11,0,0,0,1
14,52,44,40.63426588,-8.66014480,5,11,0,0,0,1
14,52,44,40.63426588,-8.66014480,5,11,0,0,0,1
14,52,44,40.63426588,-8.66014480,5,11,0,0,0,1
14,52,45,40.63426588,-8.66014480,5,11,0,0,0,1
14,52,45,40.63426588,-8.66014480,5,11,0,0,0,1
14,52,45,40.63426588,-8.66014480,5,11,0,0,0,1
14,52,46,40.63426588,-8.66014480,5,11,0,1,0,1
14,52,46,40.63426588,-8.66014480,5,10,0,0,0,1
14,52,46,40.63426588,-8.66014480,5,10,0,0,0,1
14,52,47,40.63426588,-8.66014480,5,10,0,0,0,1
14,52,47,40.63426588,-8.66014480,5,10,0,0,0,1
14,52,47,40.63426588,-8.66014480,5,10,0,0,0,1
14,52,48,40.63426588,-8.66014480,5,10,0,0,0,1
14,52,48,40.63426588,-8.66014480,5,10,0,0,0,1
14,52,48,40.63426588,-8.66014480,5,10,0,0,0,1
14,52,49,40.63426588,-8.66014480,5,10,0,0,0,1
14,52,49,40.63426588,-8.66014480,5,10,0,0,0,1
14,52,49,40.63426588,-8.66014384,5,10,0,0,0,1
14,52,50,40.63426588,-8.66014384,5,10,0,0,0,1
14,52,50,40.63426588,-8.66014384,5,10,0,0,0,1
14,52,50,40.63426588,-8.66014384,5,10,0,0,0,1
14,52,51,40.63426588,-8.66014384,5,10,0,0,0,1
14,52,51,40.63426588,-8.66014384,5,10,0,0,0,1
14,52,51,40.63426588,-8.66014384,5,10,0,0,0,1
14,52,52,40.63426588,-8.66014384,5,10,0,0,0,1
14,52,52,40.63426588,-8.66014384,5,10,0,0,0,1
14,52,52,40.63426588,-8.66014384,5,10,0,0,0,1
14,52,53,40.63426588,-8.66014384,5,10,0,0,0,1
14,52,53,40.63426588,-8.66014384,5,10,0,0,0,1
14,52,53,40.63426588,-8.66014384,5,10,0,0,0,1
14,52,54,40.63426588,-8.66014384,5,13,0,0,0,1
14,52,54,40.63426588,-8.66014384,5,13,0,0,0,1
14,52,54,40.63426588,-8.66014384,5,13,0,0,0,1
14,52,55,40.63426588,-8.66014384,5,13,0,0,0,1
14,52,55,40.63426588,-8.66014384,5,13,0,0,0,1
14,52,55,40.63426588,-8.66014384,5,13,0,0,0,1
14,52,56,40.63426588,-8.66014384,5,13,0,0,0,1
14,52,56,40.63426588,-8.66014384,5,13,0,0,0,1
14,52,56,40.63426588,-8.66014384,5,13,0,0,0,1
14,52,57,40.63426588,-8.66014384,5,13,0,0,0,1
14,52,57,40.63426588,-8.66014384,5,13,0,0,0,1
14,52,57,40.63426588,-8.66014384,5,13,0,0,0,1
14,52,58,40.63426588,-8.66014384,5,13,0,0,0,1
14,52,58,40.63426588,-8.66014384,5,13,0,0,0,1
14,52,58,40.63426588,-8.66014384,5,13,0,0,0,1
14,52,59,40.63426588,-8.66014384,5,13,0,0,0,1
14,52,59,40.63426588,-8.66014288,5,13,0,0,0,1
14,52,59,40.63426588,-8.66014288,5,13,0,0,0,1
14,53,0,40.63426588,-8.66014288,5,13,0,0,0,1
14,53,0,40.63426588,-8.66014288,5,13,0,0,0,1
14,53,0,40.63426588,-8.66014288,5,13,0,0,0,1
14,53,1,40.63426588,-8.66014288,5,13,0,0,0,1
14,53,1,40.63426588,-8.66014288,5,13,0,0,0,1
14,53,1,40.63426588,-8.66014288,5,13,0,0,0,1
14,53,2,40.63426588,-8.66014288,5,13,0,0,0,1
14,53,2,40.63426588,-8.66014288,5,13,0,0,0,1
14,53,2,40.63426588,-8.66014288,5,13,0,0,0,1
14,53,3,40.63426588,-8.66014288,5,13,0,0,0,1
14,53,3,40.63426588,-8.66014288,5,13,0,0,0,1
14,53,3,40.63426588,-8.66014288,5,13,0,0,0,1
14,53,4,40.63426588,-8.66014288,5,13,0,0,0,1
14,53,4,40.63426588,-8.66014288,5,13,0,0,0,1
14,53,4,40.63426588,-8.66014288,5,13,0,0,0,1
14,53,5,40.63426588,-8.66014288,5,13,0,0,0,1
14,53,5,40.63426588,-8.66014288,5,10,0,0,0,1
14,53,5,40.63426588,-8.66014288,5,10,0,0,0,1
14,53,6,40.63426588,-8.66014288,5,10,0,0,0,1
14,53,6,40.63426588,-8.66014288,5,10,0,0,0,1
14,53,6,40.63426588,-8.66014288,5,10,0,0,0,1
14,53,7,40.63426588,-8.66014288,5,10,0,0,0,1
14,53,7,40.63426588,-8.66014288,5,11,0,0,0,1
14,53,7,40.63426588,-8.66014288,5,11,0,0,0,1
14,53,8,40.63426588,-8.66014288,5,11,0,0,0,1
14,53,8,40.63426588,-8.66014288,5,11,0,0,0,1
14,53,8,40.63426588,-8.66014288,5,11,0,0,0,1
14,53,9,40.63426588,-8.66014288,5,11,0,0,0,1
14,53,9,40.63426588,-8.66014288,5,11,0,0,0,1
14,53,9,40.63426588,-8.66014288,5,11,0,0,0,1
14,53,10,40.63426588,-8.66014288,5,11,0,0,0,1
14,53,10,40.63426588,-8.66014288,5,11,0,0,0,1
14,53,10,40.63426588,-8.66014288,5,11,0,0,0,1
14,53,11,40.63426588,-8.66014288,5,11,0,0,0,1
14,53,11,40.63426588,-8.66014288,5,12,0,0,0,1
14,53,11,40.63426588,-8.66014288,5,12,0,0,0,1
14,53,12,40.63426588,-8.66014288,5,12,0,0,0,1
14,53,12,40.63426588,-8.66014288,5,12,0,0,0,1
14,53,12,40.63426588,-8.66014288,5,12,0,0,0,1
14,53,13,40.63426588,-8.66014288,5,12,0,0,0,1
14,53,13,40.63426588,-8.66014288,5,12,0,0,0,1
14,53,13,40.63426588,-8.66014288,5,12,0,0,0,1
14,53,14,40.63426588,-8.66014288,5,12,0,0,0,1
14,53,14,40.63426588,-8.66014288,5,12,0,0,0,1
14,53,14,40.63426588,-8.66014288,5,12,0,0,0,1
14,53,15,40.63426588,-8.66014288,5,12,0,0,0,1
14,53,15,40.63426588,-8.66014288,5,12,0,0,0,1
14,53,15,40.63426588,-8.66014288,5,12,0,0,0,1
14,53,16,40.63426588,-8.66014288,5,12,0,0,0,1
14,53,16,40.63426588,-8.66014288,5,12,0,0,0,1
14,53,16,40.63426588,-8.66014288,5,12,0,0,0,1
14,53,17,40.63426588,-8.66014288,5,12,0,0,0,1
14,53,17,40.63426588,-8.66014288,5,12,0,0,0,1
14,53,17,40.63426588,-8.66014288,5,12,0,0,0,1
14,53,18,40.63426588,-8.66014288,5,12,0,0,0,1
14,53,18,40.63426588,-8.66014288,5,12,0,0,0,1
14,53,18,40.63426588,-8.66014288,5,12,0,0,0,1
14,53,19,40.63426588,-8.66014288,5,12,0,0,0,1
14,53,19,40.63426588,-8.66014288,5,12,0,0,0,1
14,53,19,40.63426588,-8.66014288,5,12,0,0,0,1
14,53,20,40.63426588,-8.66014288,5,12,0,0,0,1
14,53,20,40.63426588,-8.66014288,5,12,0,0,0,1
14,53,20,40.63426588,-8.66014288,5,12,0,0,0,1
14,53,21,40.63426588,-8.66014288,5,12,0,0,0,1
14,53,21,40.63426588,-8.66014288,5,12,0,0,0,1
14,53,21,40.63426588,-8.66014288,5,12,0,0,0,1
14,53,22,40.63426588,-8.66014288,5,12,0,0,0,1
14,53,22,40.63426588,-8.66014288,5,12,0,0,0,1
14,53,22,40.63426588,-8.66014288,5,12,0,0,0,1
14,53,23,40.63426588,-8.66014288,5,12,0,0,0,1
14,53,23,40.63426588,-8.66014288,5,12,0,0,0,1
14,53,23,40.63426588,-8.66014288,5,12,0,0,0,1
14,53,24,40.63426588,-8.66014288,5,12,0,0,0,1
14,53,24,40.63426588,-8.66014288,5,13,0,0,0,1
14,53,24,40.63426588,-8.66014288,5,13,0,0,0,1
14,53,25,40.63426588,-8.66014288,5,13,0,0,0,1
14,53,25,40.63426588,-8.66014288,5,13,0,0,0,1
14,53,25,40.63426588,-8.66014288,5,13,0,0,0,1
14,53,26,40.63426588,-8.66014288,5,13,0,0,0,1
14,53,26,40.63426588,-8.66014288,5,13,0,0,0,1
14,53,26,40.63426588,-8.66014288,5,13,0,0,0,1
14,53,27,40.63426588,-8.66014288,5,13,0,0,0,1
14,53,27,40.63426588,-8.66014288,5,13,0,0,0,1
14,53,27,40.63426588,-8.66014288,5,13,0,0,0,1
14,53,28,40.63426588,-8.66014288,5,13,0,0,0,1
14,53,28,40.63426588,-8.66014288,5,13,0,0,0,1
14,53,28,40.63426588,-8.66014288,5,13,0,0,0,1
14,53,29,40.63426588,-8.66014288,5,13,0,0,0,1
14,53,29,40.63426588,-8.66014288,5,13,0,0,0,1
14,53,29,40.63426588,-8.66014288,5,13,0,0,0,1
14,53,30,40.63426588,-8.66014288,5,13,0,0,0,1
14,53,30,40.63426588,-8.66014288,5,13,0,0,0,1
14,53,30,40.63426588,-8.66014288,5,13,0,0,0,1
14,53,31,40.63426588,-8.66014288,5,13,0,0,0,1
14,53,31,40.63426588,-8.66014288,5,12,0,0,0,1
14,53,31,40.63426588,-8.66014288,5,12,0,0,0,1
14,53,32,40.63426588,-8.66014288,5,12,0,0,0,1
14,53,32,40.63426588,-8.66014288,5,12,0,0,0,1
14,53,32,40.63426588,-8.66014288,5,12,0,0,0,1
14,53,33,40.63426588,-8.66014288,5,12,0,0,0,1
14,53,33,40.63426588,-8.66014288,5,12,0,0,0,1
14,53,33,40.63426588,-8.66014288,5,12,0,0,0,1
14,53,34,40.63426588,-8.66014288,5,12,0,1,0,1
14,53,34,40.63426588,-8.66014288,5,12,0,0,0,1
14,53,34,40.63426588,-8.66014288,5,12,0,0,0,1
14,53,35,40.63426588,-8.66014288,5,12,0,0,0,1
14,53,35,40.63426588,-8.66014288,5,10,0,0,0,1
14,53,35,40.63426588,-8.66014288,5,10,0,0,0,1
14,53,36,40.63426588,-8.66014288,5,10,0,0,0,1
14,53,36,40.63426588,-8.66014288,5,10,0,0,0,1
14,53,36,40.63426588,-8.66014288,5,10,0,0,0,1
14,53,37,40.63426588,-8.66014288,5,10,0,0,0,1
14,53,37,40.63426588,-8.66014288,5,10,0,0,0,1
14,53,37,40.63426588,-8.66014288,5,10,0,0,0,1
14,53,38,40.63426588,-8.66014288,5,10,0,0,0,1
14,53,38,40.63426588,-8.66014288,5,10,0,0,0,1
14,53,38,40.63426588,-8.66014288,5,10,0,0,0,1
14,53,39,40.63426588,-8.66014288,5,10,0,0,0,1
14,53,39,40.63426588,-8.66014288,5,10,0,0,0,1
14,53,39,40.63426588,-8.66014288,5,10,0,0,0,1
14,53,40,40.63426588,-8.66014288,5,10,0,0,0,1
14,53,40,40.63426588,-8.66014288,5,11,0,0,0,1
14,53,40,40.63426588,-8.66014288,5,11,0,0,0,1
14,53,41,40.63426588,-8.66014288,5,11,0,0,0,1
14,53,41,40.63426588,-8.66014288,5,11,0,0,0,1
14,53,41,40.63426588,-8.66014288,5,11,0,0,0,1
14,53,42,40.63426588,-8.66014288,5,11,0,0,0,1
14,53,42,40.63426588,-8.66014288,5,11,0,0,0,1
14,53,42,40.63426588,-8.66014288,5,11,0,0,0,1
14,53,43,40.63426588,-8.66014288,5,11,0,0,0,1
14,53,43,40.63426588,-8.66014288,5,11,0,0,0,1
14,53,43,40.63426588,-8.66014288,5,11,0,0,0,1
14,53,44,40.63426588,-8.66014288,5,11,0,0,0,1
14,53,44,40.63426588,-8.66014288,5,12,0,0,0,1
14,53,44,40.63426588,-8.66014288,5,12,0,0,0,1
14,53,45,40.63426588,-8.66014288,5,12,0,0,0,1
14,53,45,40.63426588,-8.66014288,5,12,0,0,0,1
14,53,45,40.63426588,-8.66014288,5,12,0,0,0,1
14,53,46,40.63426588,-8.66014288,5,12,0,0,0,1
14,53,46,40.63426588,-8.66014288,5,12,0,0,0,1
14,53,46,40.63426588,-8.66014288,5,12,0,0,0,1
14,53,47,40.63426588,-8.66014288,5,12,0,0,0,1
14,53,47,40.63426588,-8.66014288,5,12,0,0,0,1
14,53,47,40.63426588,-8.66014288,5,12,0,0,0,1
14,53,48,40.63426588,-8.66014288,5,12,0,0,0,1
14,53,48,40.63426588,-8.66014288,5,12,0,0,0,1
14,53,48,40.63426588,-8.66014288,5,12,0,0,0,1
14,53,49,40.63426588,-8.66014288,5,12,0,0,0,1
14,53,49,40.63426588,-8.66014288,5,12,0,0,0,1
14,53,49,40.63426588,-8.66014288,5,12,0,0,0,1
14,53,50,40.63426588,-8.66014288,5,12,0,0,0,1
14,53,50,40.63426588,-8.66014288,5,14,0,0,0,1
14,53,50,40.63426588,-8.66014288,5,14,0,0,0,1
14,53,51,40.63426588,-8.66014196,5,14,0,0,0,1
14,53,51,40.63426588,-8.66014196,5,14,0,0,0,1
14,53,51,40.63426588,-8.66014196,5,14,0,0,0,1
14,53,52,40.63426588,-8.66014196,5,14,0,0,0,1
14,53,52,40.63426588,-8.66014196,5,14,0,0,0,1
14,53,52,40.63426588,-8.66014196,5,14,0,0,0,1
14,53,53,40.63426588,-8.66014196,5,14,0,0,0,1
14,53,53,40.63426588,-8.66014196,5,14,0,0,0,1
14,53,53,40.63426588,-8.66014196,5,14,0,0,0,1
14,53,54,40.63426588,-8.66014196,5,14,0,0,0,1
14,53,54,40.63426588,-8.66014196,5,12,0,0,0,1
14,53,54,40.63426588,-8.66014196,5,12,0,0,0,1
14,53,55,40.63426588,-8.66014196,5,12,0,0,0,1
14,53,55,40.63426588,-8.66014196,5,10,0,0,0,1
14,53,55,40.63426588,-8.66014196,5,10,0,0,0,1
14,53,56,40.63426588,-8.66014196,5,10,0,0,0,1
14,53,56,40.63426588,-8.66014196,5,10,0,0,0,1
14,53,56,40.63426588,-8.66014196,5,10,0,0,0,1
14,53,57,40.63426588,-8.66014196,5,10,0,0,0,1
14,53,57,40.63426588,-8.66014196,5,10,0,0,0,1
14,53,57,40.63426588,-8.66014196,5,10,0,0,0,1
14,53,58,40.63426588,-8.66014196,5,10,0,0,0,1
14,53,58,40.63426588,-8.66014196,5,14,0,0,0,1
14,53,58,40.63426588,-8.66014196,5,14,0,0,0,1
14,53,59,40.63426588,-8.66014196,5,14,0,0,0,1
14,53,59,40.63426588,-8.66014196,5,14,0,0,0,1
14,53,59,40.63426588,-8.66014196,5,14,0,0,0,1
14,54,0,40.63426588,-8.66014196,5,14,0,0,0,1
14,54,0,40.63426588,-8.66014196,5,14,0,0,0,1
14,54,0,40.63426588,-8.66014196,5,14,0,0,0,1
14,54,1,40.63426588,-8.66014196,5,14,0,0,0,1
14,54,1,40.63426588,-8.66014196,5,14,0,0,0,1
14,54,1,40.63426588,-8.66014196,5,14,0,0,0,1
14,54,2,40.63426588,-8.66014196,5,14,0,0,0,1
14,54,2,40.63426588,-8.66014288,5,14,0,0,0,1
14,54,2,40.63426588,-8.66014288,5,14,0,0,0,1
14,54,3,40.63426588,-8.66014288,5,14,0,0,0,1
14,54,3,40.63426588,-8.66014288,5,14,0,0,0,1
14,54,3,40.63426588,-8.66014288,5,14,0,0,0,1
14,54,4,40.63426588,-8.66014288,5,14,0,0,0,1
14,54,4,40.63426588,-8.66014288,5,16,0,0,0,1
14,54,4,40.63426588,-8.66014288,5,16,0,0,0,1
14,54,5,40.63426588,-8.66014288,5,16,0,0,0,1
14,54,5,40.63426588,-8.66014288,5,17,0,0,0,1
14,54,5,40.63426588,-8.66014288,5,17,0,0,0,1
14,54,6,40.63426588,-8.66014288,5,17,0,0,0,1
14,54,6,40.63426588,-8.66014288,5,17,0,0,0,1
14,54,6,40.63426588,-8.66014288,5,17,0,0,0,1
14,54,7,40.63426588,-8.66014288,5,17,0,0,0,1
14,54,7,40.63426588,-8.66014288,5,17,0,0,0,1
14,54,7,40.63426588,-8.66014288,5,17,0,0,0,1
14,54,8,40.63426588,-8.66014288,5,17,0,0,0,1
14,54,8,40.63426588,-8.66014288,5,17,0,0,0,1
14,54,8,40.63426588,-8.66014288,5,17,0,0,0,1
14,54,9,40.63426588,-8.66014288,5,17,0,0,0,1
14,54,9,40.63426588,-8.66014288,5,17,0,0,0,1
14,54,9,40.63426588,-8.66014288,5,17,0,0,0,1
14,54,10,40.63426588,-8.66014288,5,17,0,0,0,1
14,54,10,40.63426588,-8.66014288,5,17,0,0,0,1
14,54,10,40.63426588,-8.66014288,5,17,0,0,0,1
14,54,11,40.63426588,-8.66014288,5,17,0,0,0,1
14,54,11,40.63426588,-8.66014288,5,17,0,0,0,1
14,54,11,40.63426588,-8.66014288,5,17,0,0,0,1
14,54,12,40.63426588,-8.66014288,5,17,0,0,0,1
14,54,12,40.63426588,-8.66014288,5,17,0,0,0,1
14,54,12,40.63426588,-8.66014288,5,17,0,0,0,1
14,54,13,40.63426588,-8.66014288,5,17,0,0,0,1
14,54,13,40.63426588,-8.66014288,5,17,0,0,0,1
14,54,13,40.63426588,-8.66014288,5,17,0,0,0,1
14,54,14,40.63426588,-8.66014288,5,17,0,0,0,1
14,54,14,40.63426588,-8.66014288,5,16,0,0,0,1
14,54,14,40.63426588,-8.66014288,5,16,0,0,0,1
14,54,15,40.63426588,-8.66014288,5,16,0,0,0,1
14,54,15,40.63426588,-8.66014288,5,16,0,0,0,1
14,54,15,40.63426588,-8.66014288,5,16,0,0,0,1
14,54,16,40.63426588,-8.66014288,5,16,0,0,0,1
14,54,16,40.63426588,-8.66014288,5,16,0,0,0,1
14,54,16,40.63426588,-8.66014288,5,16,0,0,0,1
14,54,17,40.63426588,-8.66014288,5,16,0,0,0,1
14,54,17,40.63426588,-8.66014288,5,16,0,0,0,1
14,54,17,40.63426588,-8.66014288,5,16,0,0,0,1
14,54,18,40.63426588,-8.66014288,5,16,0,0,0,1
14,54,18,40.63426588,-8.66014288,5,16,0,0,0,1
14,54,18,40.63426588,-8.66014288,5,16,0,0,0,1
14,54,19,40.63426588,-8.66014288,5,16,0,0,0,1
14,54,19,40.63426588,-8.66014288,5,16,0,0,0,1
14,54,19,40.63426588,-8.66014288,5,16,0,0,0,1
14,54,20,40.63426588,-8.66014288,5,16,0,0,0,1
14,54,20,40.63426588,-8.66014288,5,16,0,0,0,1
14,54,20,40.63426588,-8.66014288,5,16,0,0,0,1
14,54,21,40.63426588,-8.66014288,5,16,0,0,0,1
14,54,21,40.63426588,-8.66014288,5,16,0,0,0,1
14,54,21,40.63426588,-8.66014288,5,16,0,0,0,1
14,54,22,40.63426588,-8.66014288,5,16,0,0,0,1
14,54,22,40.63426588,-8.66014288,5,16,0,0,0,1
14,54,22,40.63426588,-8.66014288,5,16,0,0,0,1
14,54,23,40.63426588,-8.66014288,5,16,0,0,0,1
14,54,23,40.63426588,-8.66014288,5,16,0,0,0,1
14,54,23,40.63426588,-8.66014288,5,16,0,0,0,1
14,54,24,40.63426588,-8.66014288,5,16,0,0,0,1
14,54,24,40.63426588,-8.66014288,5,16,0,0,0,1
14,54,24,40.63426588,-8.66014288,5,16,0,0,0,1
14,54,25,40.63426588,-8.66014288,5,16,0,0,0,1
14,54,25,40.63426588,-8.66014288,5,16,0,0,0,1
14,54,25,40.63426588,-8.66014288,5,16,0,0,0,1
14,54,26,40.63426588,-8.66014288,5,16,0,0,0,1
14,54,26,40.63426588,-8.66014288,5,16,0,0,0,1
14,54,26,40.63426588,-8.66014288,5,16,0,0,0,1
14,54,27,40.63426588,-8.66014288,5,16,0,0,0,1
14,54,27,40.63426588,-8.66014288,5,16,0,0,0,1
14,54,27,40.63426588,-8.66014288,5,16,0,0,0,1
14,54,28,40.63426588,-8.66014288,5,16,0,0,0,1
14,54,28,40.63426588,-8.66014288,5,16,0,0,0,1
14,54,28,40.63426588,-8.66014288,5,16,0,0,0,1
14,54,29,40.63426588,-8.66014288,5,16,0,0,0,1
14,54,29,40.63426588,-8.66014288,5,16,0,0,0,1
14,54,29,40.63426588,-8.66014288,5,16,0,0,0,1
14,54,30,40.63426588,-8.66014288,5,16,0,0,0,1
14,54,30,40.63426588,-8.66014288,5,16,0,0,0,1
14,54,31,40.63426588,-8.66014288,5,16,0,0,0,1
14,54,31,40.63426588,-8.66014288,5,16,0,0,0,1
14,54,31,40.63426588,-8.66014288,5,16,0,0,0,1
14,54,32,40.63426588,-8.66014288,5,16,0,0,0,1
14,54,32,40.63426588,-8.66014288,5,16,0,0,0,1
14,54,32,40.63426588,-8.66014288,5,16,0,0,0,1
14,54,33,40.63426588,-8.66014288,5,16,0,0,0,1
14,54,33,40.63426588,-8.66014288,5,16,0,0,0,1
14,54,33,40.63426588,-8.66014288,5,16,0,0,0,1
14,54,34,40.63426588,-8.66014288,5,16,0,0,0,1
14,54,34,40.63426588,-8.66014288,5,16,0,0,0,1
14,54,34,40.63426588,-8.66014288,5,16,0,0,0,1
14,54,35,40.63426588,-8.66014288,5,16,0,0,0,1
14,54,35,40.63426588,-8.66014288,5,20,0,0,0,1
14,54,35,40.63426588,-8.66014288,5,20,0,0,0,1
14,54,36,40.63426588,-8.66014288,5,20,0,1,0,1
14,54,36,40.63426588,-8.66014288,5,20,0,0,0,1
14,54,36,40.63426588,-8.66014288,5,20,0,0,0,1
14,54,37,40.63426588,-8.66014288,5,20,0,0,0,1
14,54,37,40.63426588,-8.66014288,5,20,0,0,0,1
14,54,37,40.63426588,-8.66014288,5,20,0,0,0,1
14,54,38,40.63426588,-8.66014288,5,20,0,0,0,1
14,54,38,40.63426588,-8.66014288,5,17,0,0,0,1
14,54,38,40.63426588,-8.66014288,5,17,0,0,0,1
14,54,39,40.63426588,-8.66014288,5,17,0,0,0,1
14,54,39,40.63426588,-8.66014288,5,17,0,0,0,1
14,54,39,40.63426588,-8.66014288,5,17,0,0,0,1
14,54,40,40.63426588,-8.66014288,5,17,0,0,0,1
14,54,40,40.63426588,-8.66014288,5,17,0,0,0,1
14,54,40,40.63426588,-8.66014288,5,17,0,0,0,1
14,54,41,40.63426588,-8.66014288,5,17,0,0,0,1
14,54,41,40.63426588,-8.66014288,5,17,0,0,0,1
14,54,41,40.63426588,-8.66014288,5,17,0,0,0,1
14,54,42,40.63426588,-8.66014288,5,17,0,0,0,1
14,54,42,40.63426588,-8.66014288,5,17,0,0,0,1
14,54,42,40.63426588,-8.66014288,5,17,0,0,0,1
14,54,43,40.63426588,-8.66014288,5,17,0,0,0,1
14,54,43,40.63426588,-8.66014288,5,17,0,0,0,1
14,54,43,40.63426588,-8.66014288,5,17,0,0,0,1
14,54,44,40.63426588,-8.66014288,5,17,0,0,0,1
14,54,44,40.63426588,-8.66014288,5,17,0,0,0,1
14,54,44,40.63426588,-8.66014288,5,17,0,0,0,1
14,54,45,40.63426588,-8.66014288,5,17,0,0,0,1
14,54,45,40.63426588,-8.66014288,5,17,0,0,0,1
14,54,45,40.63426588,-8.66014288,5,17,0,0,0,1
14,54,46,40.63426588,-8.66014288,5,17,0,1,0,1
14,54,46,40.63426588,-8.66014288,5,18,0,0,0,1
14,54,46,40.63426588,-8.66014288,5,18,0,0,0,1
14,54,47,40.63426588,-8.66014288,5,18,0,0,0,1
14,54,47,40.63426588,-8.66014288,5,18,0,0,0,1
14,54,47,40.63426588,-8.66014288,5,18,0,0,0,1
14,54,48,40.63426588,-8.66014288,5,18,0,0,0,1
14,54,48,40.63426588,-8.66014288,5,18,0,0,0,1
14,54,48,40.63426588,-8.66014288,5,18,0,0,0,1
14,54,49,40.63426588,-8.66014288,5,18,0,0,0,1
14,54,49,40.63426588,-8.66014288,5,18,0,0,0,1
14,54,49,40.63426588,-8.66014288,5,18,0,0,0,1
14,54,50,40.63426588,-8.66014288,5,18,0,0,0,1
14,54,50,40.63426588,-8.66014288,5,19,0,0,0,1
14,54,50,40.63426588,-8.66014288,5,19,0,0,0,1
14,54,51,40.63426588,-8.66014288,5,19,0,1,0,1
14,54,51,40.63426588,-8.66014288,5,19,0,0,0,1
14,54,51,40.63426588,-8.66014288,5,19,0,0,0,1
14,54,52,40.63426588,-8.66014288,5,19,0,0,0,1
14,54,52,40.63426588,-8.66014288,5,19,0,0,0,1
14,54,52,40.63426588,-8.66014288,5,19,0,0,0,1
14,54,53,40.63426588,-8.66014288,5,19,0,1,0,1
14,54,53,40.63426588,-8.66014288,5,20,0,0,0,1
14,54,53,40.63426588,-8.66014288,5,20,0,0,0,1
14,54,54,40.63426588,-8.66014288,5,20,0,0,0,1
14,54,54,40.63426588,-8.66014288,5,20,0,0,0,1
14,54,54,40.63426588,-8.66014288,5,20,0,0,0,1
14,54,55,40.63426588,-8.66014288,5,20,0,0,0,1
14,54,55,40.63426588,-8.66014288,5,20,0,0,0,1
14,54,55,40.63426588,-8.66014288,5,20,0,0,0,1
14,54,56,40.63426588,-8.66014288,5,20,0,0,0,1
14,54,56,40.63426588,-8.66014288,5,20,0,0,0,1
14,54,56,40.63426588,-8.66014288,5,20,0,0,0,1
14,54,57,40.63426588,-8.66014288,5,20,0,0,0,1
14,54,57,40.63426588,-8.66014288,5,20,0,0,0,1
14,54,57,40.63426588,-8.66014288,5,20,0,0,0,1
14,54,58,40.63426588,-8.66014288,5,20,0,0,0,1
14,54,58,40.63426588,-8.66014288,5,14,0,0,0,1
14,54,58,40.63426588,-8.66014288,5,14,0,0,0,1
14,54,59,40.63426588,-8.66014288,5,14,0,1,0,1
14,54,59,40.63426588,-8.66014196,5,14,0,0,0,1
14,54,59,40.63426588,-8.66014196,5,14,0,0,0,1
14,55,0,40.63426588,-8.66014196,5,14,0,1,0,1
14,55,0,40.63426588,-8.66014196,5,14,0,0,0,1
14,55,0,40.63426588,-8.66014196,5,14,0,0,0,1
14,55,1,40.63426588,-8.66014196,5,14,0,0,0,1
14,55,1,40.63426588,-8.66014196,5,14,0,0,0,1
14,55,1,40.63426588,-8.66014196,5,14,0,0,0,1
14,55,2,40.63426588,-8.66014196,5,14,0,1,0,1
14,55,2,40.63426588,-8.66014196,5,14,0,0,0,1
14,55,2,40.63426588,-8.66014196,5,14,0,0,0,1
14,55,3,40.63426588,-8.66014196,5,14,0,0,0,1
14,55,3,40.63426588,-8.66014196,5,14,0,0,0,1
14,55,3,40.63426588,-8.66014196,5,14,0,0,0,1
14,55,4,40.63426588,-8.66014196,5,14,0,0,0,1
14,55,4,40.63426588,-8.66014196,5,14,0,0,0,1
14,55,4,40.63426588,-8.66014196,5,14,0,0,0,1
14,55,5,40.63426588,-8.66014196,5,14,0,0,0,1
14,55,5,40.63426588,-8.66014196,5,14,0,0,0,1
14,55,5,40.63426588,-8.66014196,5,14,0,0,0,1
14,55,6,40.63426588,-8.66014196,5,14,0,0,0,1
14,55,6,40.63426588,-8.66014196,5,14,0,0,0,1
14,55,6,40.63426588,-8.66014196,5,14,0,0,0,1
14,55,7,40.63426588,-8.66014196,5,14,0,0,0,1
14,55,7,40.63426588,-8.66014196,5,14,0,0,0,1
14,55,7,40.63426588,-8.66014196,5,14,0,0,0,1
14,55,8,40.63426588,-8.66014196,5,14,0,0,0,1
14,55,8,40.63426588,-8.66014196,5,14,0,0,0,1
14,55,8,40.63426588,-8.66014196,5,14,0,0,0,1
14,55,9,40.63426588,-8.66014196,5,14,0,0,0,1
14,55,9,40.63426588,-8.66014196,5,14,0,0,0,1
14,55,9,40.63426588,-8.66014196,5,14,0,0,0,1
14,55,10,40.63426588,-8.66014196,5,14,0,0,0,1
14,55,10,40.63426588,-8.66014196,5,20,0,0,0,1
14,55,10,40.63426588,-8.66014196,5,20,0,0,0,1
14,55,11,40.63426588,-8.66014196,5,20,0,0,0,1
14,55,11,40.63426588,-8.66014196,5,20,0,0,0,1
14,55,11,40.63426588,-8.66014196,5,20,0,0,0,1
14,55,12,40.63426588,-8.66014196,5,20,0,0,0,1
14,55,12,40.63426588,-8.66014196,5,20,0,0,0,1
14,55,12,40.63426588,-8.66014196,5,20,0,0,0,1
14,55,13,40.63426588,-8.66014196,5,20,0,0,0,1
14,55,13,40.63426588,-8.66014196,5,21,0,0,0,1
14,55,13,40.63426588,-8.66014196,5,21,0,0,0,1
14,55,14,40.63426588,-8.66014196,5,21,0,0,0,1
14,55,14,40.63426588,-8.66014196,5,21,0,0,0,1
14,55,14,40.63426588,-8.66014196,5,21,0,0,0,1
14,55,15,40.63426588,-8.66014196,5,21,0,0,0,1
14,55,15,40.63426588,-8.66014196,5,22,0,0,0,1
14,55,15,40.63426588,-8.66014196,5,22,0,0,0,1
14,55,16,40.63426588,-8.66014196,5,22,0,0,0,1
14,55,16,40.63426588,-8.66014196,5,22,0,0,0,1
14,55,16,40.63426588,-8.66014196,5,22,0,0,0,1
14,55,17,40.63426588,-8.66014196,5,22,0,0,0,1
14,55,17,40.63426588,-8.66014196,5,22,0,0,0,1
14,55,17,40.63426588,-8.66014196,5,22,0,0,0,1
14,55,18,40.63426588,-8.66014196,5,22,0,0,0,1
14,55,18,40.63426588,-8.66014196,5,23,0,0,0,1
14,55,18,40.63426588,-8.66014196,5,23,0,0,0,1
14,55,19,40.63426588,-8.66014196,5,23,0,0,0,1
14,55,19,40.63426588,-8.66014196,5,23,0,0,0,1
14,55,19,40.63426588,-8.66014196,5,23,0,0,0,1
14,55,20,40.63426588,-8.66014196,5,23,0,0,0,1
14,55,20,40.63426588,-8.66014288,5,23,0,0,0,1
14,55,20,40.63426588,-8.66014288,5,23,0,0,0,1
14,55,21,40.63426588,-8.66014288,5,23,0,0,0,1
14,55,21,40.63426588,-8.66014288,5,24,0,0,0,1
14,55,21,40.63426588,-8.66014288,5,24,0,0,0,1
14,55,22,40.63426588,-8.66014288,5,24,0,0,0,1
14,55,22,40.63426588,-8.66014288,5,24,0,0,0,1
14,55,22,40.63426588,-8.66014288,5,24,0,0,0,1
14,55,23,40.63426588,-8.66014288,5,24,0,0,0,1
14,55,23,40.63426588,-8.66014288,5,24,0,0,0,1
14,55,23,40.63426588,-8.66014288,5,24,0,0,0,1
14,55,24,40.63426588,-8.66014288,5,24,0,0,0,1
14,55,24,40.63426588,-8.66014288,5,25,0,0,0,1
14,55,24,40.63426588,-8.66014288,5,25,0,0,0,1
14,55,25,40.63426588,-8.66014288,5,25,0,0,0,1
14,55,25,40.63426588,-8.66014288,5,25,0,0,0,1
14,55,25,40.63426588,-8.66014288,5,25,0,0,0,1
14,55,26,40.63426588,-8.66014288,5,25,0,0,0,1
14,55,26,40.63426588,-8.66014288,5,25,0,0,0,1
14,55,26,40.63426588,-8.66014288,5,25,0,0,0,1
14,55,27,40.63426588,-8.66014288,5,25,0,0,0,1
14,55,27,40.63426588,-8.66014288,5,29,0,0,0,1
14,55,27,40.63426588,-8.66014288,5,29,0,0,0,1
14,55,28,40.63426588,-8.66014196,5,29,0,0,0,1
14,55,28,40.63426588,-8.66014196,5,29,0,0,0,1
14,55,28,40.63426588,-8.66014196,5,29,0,0,0,1
14,55,29,40.63426588,-8.66014196,5,29,0,0,0,1
14,55,29,40.63426588,-8.66014196,5,26,0,0,0,1
14,55,29,40.63426588,-8.66014196,5,26,0,0,0,1
14,55,30,40.63426588,-8.66014196,5,26,0,0,0,1
14,55,30,40.63426588,-8.66014196,5,26,0,0,0,1
14,55,30,40.63426588,-8.66014196,5,26,0,0,0,1
14,55,31,40.63426588,-8.66014196,5,26,0,1,0,1
14,55,31,40.63426588,-8.66014196,5,26,0,0,0,1
14,55,31,40.63426588,-8.66014196,5,26,0,0,0,1
14,55,32,40.63426588,-8.66014196,5,26,0,0,0,1
14,55,32,40.63426588,-8.66014196,5,26,0,0,0,1
14,55,32,40.63426588,-8.66014196,5,26,0,0,0,1
14,55,33,40.63426588,-8.66014196,5,26,0,0,0,1
14,55,33,40.63426588,-8.66014196,5,26,0,0,0,1
14,55,33,40.63426588,-8.66014196,5,26,0,0,0,1
14,55,34,40.63426588,-8.66014196,5,26,0,1,0,1
14,55,34,40.63426588,-8.66014196,5,26,0,0,0,1
14,55,34,40.63426588,-8.66014196,5,26,0,0,0,1
14,55,35,40.63426588,-8.66014196,5,26,0,0,0,1
14,55,35,40.63426588,-8.66014196,5,27,0,0,0,1
14,55,35,40.63426588,-8.66014196,5,27,0,0,0,1
14,55,35,40.63426588,-8.66014196,5,27,0,0,0,1
14,55,36,40.63426588,-8.66014196,5,27,0,0,0,1
14,55,36,40.63426588,-8.66014196,5,27,0,0,0,1
14,55,37,40.63426588,-8.66014196,5,27,0,0,0,1
14,55,37,40.63426588,-8.66014196,5,27,0,0,0,1
14,55,37,40.63426588,-8.66014196,5,27,0,0,0,1
14,55,38,40.63426588,-8.66014196,5,27,0,0,0,1
14,55,38,40.63426588,-8.66014196,5,27,0,0,0,1
14,55,38,40.63426588,-8.66014196,5,27,0,0,0,1
14,55,39,40.63426588,-8.66014196,5,27,0,0,0,1
14,55,39,40.63426588,-8.66014196,5,27,0,0,0,1
14,55,39,40.63426588,-8.66014196,5,27,0,0,0,1
14,55,40,40.63426588,-8.66014196,5,27,0,0,0,1
14,55,40,40.63426588,-8.66014196,5,27,0,0,0,1
14,55,40,40.63426588,-8.66014196,5,27,0,0,0,1
14,55,41,40.63426588,-8.66014196,5,27,0,0,0,1
14,55,41,40.63426588,-8.66014196,5,27,0,0,0,1
14,55,41,40.63426588,-8.66014196,5,27,0,0,0,1
14,55,42,40.63426588,-8.66014196,5,27,0,0,0,1
14,55,42,40.63426588,-8.66014196,5,27,0,0,0,1
14,55,42,40.63426588,-8.66014196,5,27,0,0,0,1
14,55,43,40.63426588,-8.66014196,5,27,0,0,0,1
14,55,43,40.63426588,-8.66014196,5,27,0,0,0,1
14,55,43,40.63426588,-8.66014196,5,27,0,0,0,1
14,55,44,40.63426588,-8.66014196,5,27,0,0,0,1
14,55,44,40.63426588,-8.66014196,5,25,0,0,0,1
14,55,44,40.63426588,-8.66014196,5,25,0,0,0,1
14,55,45,40.63426588,-8.66014196,5,25,0,0,0,1
14,55,45,40.63426588,-8.66014196,5,25,0,0,0,1
14,55,45,40.63426588,-8.66014196,5,25,0,0,0,1
14,55,46,40.63426588,-8.66014196,5,25,0,0,0,1
14,55,46,40.63426588,-8.66014196,5,25,0,0,0,1
14,55,46,40.63426588,-8.66014196,5,25,0,0,0,1
14,55,47,40.63426588,-8.66014196,5,25,0,0,0,1
14,55,47,40.63426588,-8.66014196,5,25,0,0,0,1
14,55,47,40.63426588,-8.66014196,5,25,0,0,0,1
14,55,48,40.63426588,-8.66014196,5,25,0,0,0,1
14,55,48,40.63426588,-8.66014196,5,25,0,0,0,1
14,55,48,40.63426588,-8.66014196,5,25,0,0,0,1
14,55,48,40.63426588,-8.66014196,5,25,0,0,0,1
14,55,49,40.63426588,-8.66014196,5,25,0,0,0,1
14,55,49,40.63426588,-8.66014196,5,25,0,0,0,1
14,55,50,40.63426588,-8.66014196,5,25,0,0,0,1
14,55,50,40.63426588,-8.66014196,5,26,0,0,0,1
14,55,50,40.63426588,-8.66014196,5,26,0,0,0,1
14,55,51,40.63426588,-8.66014196,5,26,0,0,0,1
14,55,51,40.63426588,-8.66014196,5,26,0,0,0,1
14,55,51,40.63426588,-8.66014196,5,26,0,0,0,1
14,55,52,40.63426588,-8.66014196,5,26,0,0,0,1
14,55,52,40.63426588,-8.66014196,5,26,0,0,0,1
14,55,52,40.63426588,-8.66014196,5,26,0,0,0,1
14,55,53,40.63426588,-8.66014196,5,26,0,0,0,1
14,55,53,40.63426588,-8.66014196,5,26,0,0,0,1
14,55,53,40.63426588,-8.66014196,5,26,0,0,0,1
14,55,54,40.63426588,-8.66014196,5,26,0,1,0,1
14,55,54,40.63426588,-8.66014196,5,26,0,0,0,1
14,55,54,40.63426588,-8.66014196,5,26,0,0,0,1
14,55,55,40.63426588,-8.66014196,5,26,0,0,0,1
14,55,55,40.63426588,-8.66014196,5,27,0,0,0,1
14,55,55,40.63426588,-8.66014196,5,27,0,0,0,1
14,55,56,40.63426588,-8.66014196,5,27,0,0,0,1
14,55,56,40.63426588,-8.66014196,5,27,0,0,0,1
14,55,56,40.63426588,-8.66014196,5,27,0,0,0,1
14,55,57,40.63426588,-8.66014196,5,27,0,0,0,1
14,55,57,40.63426588,-8.66014196,5,27,0,0,0,1
14,55,57,40.63426588,-8.66014196,5,27,0,0,0,1
14,55,58,40.63426588,-8.66014196,5,27,0,0,0,1
14,55,58,40.63426588,-8.66014004,5,27,0,0,0,1
14,55,58,40.63426588,-8.66014004,5,27,0,0,0,1
14,55,59,40.63426588,-8.66014004,5,27,0,0,0,1
14,55,59,40.63426588,-8.66014004,5,27,0,0,0,1
14,55,59,40.63426588,-8.66014004,5,27,0,0,0,1
14,56,0,40.63426588,-8.66014004,5,27,0,0,0,1
14,56,0,40.63426588,-8.66014004,5,28,0,0,0,1
14,56,0,40.63426588,-8.66014004,5,28,0,0,0,1
14,56,1,40.63426588,-8.66014004,5,28,0,0,0,1
14,56,1,40.63426588,-8.66014004,5,28,0,0,0,1
14,56,2,40.63426588,-8.66014004,5,28,0,0,0,1
14,56,2,40.63426588,-8.66014004,5,28,0,0,0,1
14,56,2,40.63426588,-8.66014004,5,28,0,0,0,1
14,56,3,40.63426588,-8.66014004,5,28,0,0,0,1
14,56,3,40.63426588,-8.66014004,5,28,0,0,0,1
14,56,3,40.63426588,-8.66014004,5,28,0,0,0,1
14,56,4,40.63426588,-8.66014004,5,28,0,0,0,1
14,56,4,40.63426588,-8.66014004,5,28,0,0,0,1
14,56,4,40.63426588,-8.66014004,5,28,0,0,0,1
14,56,5,40.63426588,-8.66014004,5,28,0,0,0,1
14,56,5,40.63426588,-8.66014004,5,28,0,0,0,1
14,56,5,40.63426588,-8.66014004,5,28,0,0,0,1
14,56,6,40.63426588,-8.66014004,5,28,0,0,0,1
14,56,6,40.63426588,-8.66014004,5,28,0,0,0,1
14,56,6,40.63426588,-8.66014004,5,28,0,0,0,1
14,56,7,40.63426588,-8.66014004,5,28,0,0,0,1
14,56,7,40.63426588,-8.66014004,5,29,0,0,0,1
14,56,7,40.63426588,-8.66014004,5,29,0,0,0,1
14,56,8,40.63426588,-8.66014004,5,29,0,0,0,1
14,56,8,40.63426588,-8.66014004,5,29,0,0,0,1
14,56,8,40.63426588,-8.66014004,5,29,0,0,0,1
14,56,9,40.63426588,-8.66014004,5,29,0,0,0,1
14,56,9,40.63426588,-8.66014004,5,29,0,0,0,1
14,56,9,40.63426588,-8.66014004,5,29,0,0,0,1
14,56,10,40.63426588,-8.66014004,5,29,0,0,0,1
14,56,10,40.63426588,-8.66014004,5,29,0,0,0,1
14,56,10,40.63426588,-8.66014384,4,29,0,0,0,1
14,56,11,40.63426588,-8.66014384,4,30,0,0,0,1
14,56,11,40.63426588,-8.66014384,4,30,0,0,0,1
14,56,11,40.63426588,-8.66014288,4,30,0,0,0,1
14,56,12,40.63426588,-8.66014288,4,30,0,1,0,1
14,56,12,40.63426588,-8.66014384,4,30,0,0,0,1
14,56,12,40.63426588,-8.66014384,4,30,0,0,0,1
14,56,13,40.63426588,-8.66014384,4,30,0,0,0,1
14,56,13,40.63426588,-8.66014384,4,30,0,0,0,1
14,56,13,40.63426588,-8.66014384,4,30,0,0,0,1
14,56,14,40.63426588,-8.66014384,4,30,0,0,0,1
14,56,14,40.63426588,-8.66014288,4,30,0,0,0,1
14,56,14,40.63426588,-8.66014384,4,30,0,0,0,1
14,56,15,40.63426588,-8.66014384,4,30,0,0,0,1
14,56,15,40.63426588,-8.66014288,4,31,0,0,0,1
14,56,15,40.63426588,-8.66014288,4,31,0,0,0,1
14,56,16,40.63426588,-8.66014288,4,63,0,0,0,1
14,56,16,40.63426588,-8.66014288,4,74,0,0,0,1
14,56,16,40.63426588,-8.66014384,4,74,0,0,0,1
14,56,17,40.63426588,-8.66014288,4,85,0,0,0,1
14,56,17,40.63426588,-8.66014384,4,96,0,0,0,1
14,56,17,40.63426588,-8.66014384,4,96,0,0,0,1
14,56,18,40.63426588,-8.66014288,4,100,0,0,0,1
14,56,18,40.63426588,-8.66014288,4,100,0,0,0,1
14,56,18,40.63426588,-8.66014384,4,100,0,0,0,1
14,56,19,40.63426588,-8.66014384,4,100,0,0,0,1
14,56,19,40.63426588,-8.66014288,4,100,0,0,0,1
14,56,19,40.63426588,-8.66014288,4,100,0,0,0,1
14,56,20,40.63426588,-8.66014288,4,100,0,0,0,1
14,56,20,40.63426588,-8.66014288,4,100,0,0,0,1
14,56,20,40.63426588,-8.66014288,4,100,0,0,0,1
14,56,20,40.63426588,-8.66014288,4,100,0,0,0,1
14,56,21,40.63426588,-8.66014288,4,100,0,0,0,1
14,56,21,40.63426588,-8.66014288,4,100,0,0,0,1
14,56,22,40.63426588,-8.66014288,4,100,0,0,0,1
14,56,22,40.63426588,-8.66014288,4,100,0,0,0,1
14,56,22,40.63426588,-8.66014384,4,100,0,0,0,1
14,56,23,40.63426588,-8.66014384,4,100,0,0,0,1
14,56,23,40.63426588,-8.66014288,4,100,0,0,0,1
14,56,23,40.63426588,-8.66014384,4,100,0,0,0,1
14,56,24,40.63426588,-8.66014384,4,100,0,0,0,1
14,56,24,40.63426588,-8.66014384,4,100,0,0,0,1
14,56,24,40.63426588,-8.66014384,4,100,0,0,0,1
14,56,25,40.63426588,-8.66014384,4,100,0,0,0,1
14,56,25,40.63426588,-8.66014384,4,100,0,0,0,1
14,56,26,40.63426588,-8.66014384,4,100,0,1,0,1
14,56,26,40.63426588,-8.66014384,4,100,0,0,0,1
14,56,26,40.63426588,-8.66014384,4,100,0,0,0,1
14,56,27,40.63426588,-8.66014384,4,100,0,0,0,1
14,56,27,40.63426588,-8.66014384,4,100,0,0,0,1
14,56,27,40.63426588,-8.66014384,4,100,0,0,0,1
14,56,28,40.63426588,-8.66014384,4,100,0,0,0,1
14,56,28,40.63426588,-8.66014288,5,20,0,0,0,1
14,56,28,40.63426588,-8.66014288,5,20,0,0,0,1
14,56,29,40.63426588,-8.66014288,5,20,0,0,0,1
14,56,29,40.63426588,-8.66014288,5,20,0,0,0,1
14,56,29,40.63426588,-8.66014288,5,20,0,0,0,1
14,56,30,40.63426588,-8.66014288,5,21,0,0,0,1
14,56,30,40.63426588,-8.66014288,5,21,0,0,0,1
14,56,30,40.63426588,-8.66014288,5,21,0,0,0,1
14,56,31,40.63426588,-8.66014288,5,21,0,0,0,1
14,56,31,40.63426588,-8.66014288,5,22,0,0,0,1
14,56,31,40.63426588,-8.66014288,5,22,0,0,0,1
14,56,32,40.63426588,-8.66014288,5,22,0,0,0,1
14,56,32,40.63426588,-8.66014288,5,23,0,0,0,1
14,56,32,40.63426588,-8.66014288,5,23,0,0,0,1
14,56,33,40.63426588,-8.66014288,5,23,0,0,0,1
14,56,33,40.63426588,-8.66014288,5,24,0,0,0,1
14,56,33,40.63426588,-8.66014384,4,24,0,0,0,1
14,56,34,40.63426588,-8.66014384,4,100,0,0,0,1
14,56,34,40.63426588,-8.66014384,4,100,0,0,0,1
14,56,34,40.63426588,-8.66014384,4,100,0,0,0,1
14,56,35,40.63426588,-8.66014384,4,100,0,0,0,1
14,56,35,40.63426588,-8.66014384,4,100,0,0,0,1
14,56,35,40.63426588,-8.66014288,4,100,0,0,0,1
14,56,36,40.63426588,-8.66014384,4,100,0,0,0,1
14,56,36,40.63426588,-8.66014384,4,100,0,0,0,1
14,56,36,40.63426588,-8.66014384,4,100,0,0,0,1
14,56,37,40.63426588,-8.66014384,4,100,0,0,0,1
14,56,37,40.63426588,-8.66014288,4,100,0,0,0,1
14,56,37,40.63426588,-8.66014288,4,100,0,0,0,1
14,56,38,40.63426588,-8.66014288,4,100,0,0,0,1
14,56,38,40.63426588,-8.66014288,4,100,0,0,0,1
14,56,38,40.63426588,-8.66014288,4,100,0,0,0,1
14,56,39,40.63426588,-8.66014288,4,100,0,0,0,1
14,56,39,40.63426588,-8.66014288,4,100,0,0,0,1
14,56,39,40.63426588,-8.66014288,4,100,0,0,0,1
14,56,40,40.63426588,-8.66014288,4,100,0,0,0,1
14,56,40,40.63426588,-8.66014288,4,100,0,0,0,1
14,56,40,40.63426588,-8.66014384,4,100,0,0,0,1
14,56,41,40.63426588,-8.66014288,4,100,0,0,0,1
14,56,41,40.63426588,-8.66014288,4,100,0,0,0,1
14,56,41,40.63426588,-8.66014288,4,100,0,0,0,1
14,56,41,40.63426588,-8.66014288,4,100,0,0,0,1
14,56,42,40.63426588,-8.66014288,4,100,0,0,0,1
14,56,42,40.63426588,-8.66014384,4,100,0,0,0,1
14,56,42,40.63426588,-8.66014384,4,100,0,0,0,1
14,56,43,40.63426588,-8.66014288,4,100,0,0,0,1
14,56,43,40.63426588,-8.66014384,4,100,0,0,0,1
14,56,44,40.63426588,-8.66014384,4,100,0,0,0,1
14,56,44,40.63426588,-8.66014288,5,100,0,0,0,1
14,56,44,40.63426588,-8.66014288,5,100,0,0,0,1
14,56,45,40.63426588,-8.66014288,5,100,0,0,0,1
14,56,45,40.63426588,-8.66014288,5,20,0,0,0,1
14,56,45,40.63426588,-8.66014288,5,20,0,0,0,1
14,56,46,40.63426588,-8.66014288,5,20,0,0,0,1
14,56,46,40.63426588,-8.66014288,5,21,0,0,0,1
14,56,47,40.63426588,-8.66014288,5,21,0,0,0,1
14,56,47,40.63426588,-8.66014288,5,22,0,0,0,1
14,56,47,40.63426588,-8.66014288,5,22,0,0,0,1
14,56,48,40.63426588,-8.66014288,5,22,0,0,0,1
14,56,48,40.63426588,-8.66014288,5,23,0,0,0,1
14,56,48,40.63426588,-8.66014288,5,23,0,0,0,1
14,56,49,40.63426588,-8.66014288,5,23,0,0,0,1
14,56,49,40.63426588,-8.66014288,5,23,0,0,0,1
14,56,49,40.63426588,-8.66014288,5,23,0,0,0,1
14,56,50,40.63426588,-8.66014288,5,23,0,0,0,1
14,56,50,40.63426588,-8.66014288,5,24,0,0,0,1
14,56,50,40.63426588,-8.66014288,5,24,0,0,0,1
14,56,51,40.63426588,-8.66014288,5,24,0,0,0,1
14,56,51,40.63426588,-8.66014288,5,24,0,0,0,1
14,56,51,40.63426588,-8.66014288,5,24,0,0,0,1
14,56,52,40.63426588,-8.66014288,5,25,0,0,0,1
14,56,52,40.63426588,-8.66014288,5,26,0,0,0,1
14,56,52,40.63426588,-8.66014288,5,26,0,0,0,1
14,56,53,40.63426588,-8.66014288,5,26,0,0,0,1
14,56,53,40.63426588,-8.66014288,5,26,0,0,0,1
14,56,53,40.63426588,-8.66014288,5,26,0,0,0,1
14,56,54,40.63426588,-8.66014288,5,26,0,0,0,1
14,56,54,40.63426588,-8.66014288,5,27,0,0,0,1
14,56,54,40.63426588,-8.66014288,5,27,0,0,0,1
14,56,0,40.63426588,-8.66014288,5,27,0,0,0,1
14,56,55,40.63426588,-8.66014288,5,28,0,0,0,1
14,56,55,40.63426588,-8.66014288,5,28,0,0,0,1
14,56,56,40.63426588,-8.66014288,5,28,0,0,0,1
14,56,56,40.63426588,-8.66014288,5,29,0,0,0,1
14,56,56,40.63426588,-8.66014288,5,29,0,0,0,1
14,56,57,40.63426588,-8.66014288,5,29,0,0,0,1
14,56,57,40.63426588,-8.66014288,4,30,0,0,0,1
14,56,57,40.63426588,-8.66014288,4,30,0,0,0,1
14,56,58,40.63426588,-8.66014288,4,30,0,0,0,1
14,56,58,40.63426588,-8.66014288,4,31,0,0,0,1
14,56,58,40.63426588,-8.66014384,4,31,0,0,0,1
14,56,58,40.63426588,-8.66014384,4,31,0,0,0,1
14,56,59,40.63426588,-8.66014384,4,31,0,0,0,1
14,56,59,40.63426588,-8.66014384,4,31,0,0,0,1
14,57,0,40.63426588,-8.66014384,4,31,0,0,0,1
14,57,0,40.63426588,-8.66014384,4,32,0,0,0,1
14,57,0,40.63426588,-8.66014384,4,32,0,0,0,1
14,57,1,40.63426588,-8.66014384,4,32,0,0,0,1
14,57,1,40.63426588,-8.66014384,4,32,0,0,0,1
14,57,1,40.63426588,-8.66014288,4,32,0,0,0,1
14,57,2,40.63426588,-8.66014384,4,33,0,0,0,1
14,57,2,40.63426588,-8.66014288,4,43,0,0,0,1
14,57,2,40.63426588,-8.66014384,4,43,0,0,0,1
14,57,3,40.63426588,-8.66014384,4,53,0,0,0,1
14,57,3,40.63426588,-8.66014384,4,53,0,0,0,1
14,57,3,40.63426588,-8.66014288,4,64,0,0,0,1
14,57,4,40.63426588,-8.66014384,4,64,0,0,0,1
14,57,4,40.63426588,-8.66014288,4,64,0,0,0,1
14,57,4,40.63426588,-8.66014288,4,85,0,0,0,1
14,57,5,40.63426588,-8.66014288,4,95,0,0,0,1
14,57,5,40.63426588,-8.66014384,4,100,0,0,0,1
14,57,5,40.63426588,-8.66014384,4,100,0,0,0,1
14,57,6,40.63426588,-8.66014384,4,100,0,0,0,1
14,57,6,40.63426588,-8.66014384,4,100,0,0,0,1
14,57,6,40.63426588,-8.66014384,4,100,0,0,0,1
14,57,7,40.63426588,-8.66014384,4,100,0,0,0,1
14,57,7,40.63426588,-8.66014384,4,100,0,0,0,1
14,57,7,40.63426588,-8.66014384,4,100,0,0,0,1
14,57,8,40.63426588,-8.66014384,4,100,0,0,0,1
14,57,8,40.63426588,-8.66014384,4,100,0,0,0,1
14,57,8,40.63426588,-8.66014384,4,100,0,0,0,1
14,57,9,40.63426588,-8.66014384,4,100,0,0,0,1
14,57,9,40.63426588,-8.66014384,4,100,0,0,0,1
14,57,9,40.63426588,-8.66014384,4,100,0,0,0,1
14,57,10,40.63426588,-8.66014384,4,100,0,0,0,1
14,57,10,40.63426588,-8.66014288,4,100,0,0,0,1
14,57,10,40.63426588,-8.66014384,4,100,0,0,0,1
14,57,11,40.63426588,-8.66014384,4,100,0,0,0,1
14,57,11,40.63426588,-8.66014288,4,100,0,0,0,1
14,57,11,40.63426588,-8.66014384,4,100,0,0,0,1
14,57,11,40.63426588,-8.66014384,4,100,0,0,0,1
14,57,12,40.63426588,-8.66014384,4,100,0,0,0,1
14,57,12,40.63426588,-8.66014384,4,100,0,0,0,1
14,57,13,40.63426588,-8.66014384,4,100,0,0,0,1
14,57,13,40.63426588,-8.66014384,4,100,0,0,0,1
14,57,13,40.63426588,-8.66014288,4,100,0,0,0,1
14,57,14,40.63426588,-8.66014288,4,100,0,0,0,1
14,57,14,40.63426588,-8.66014384,4,100,0,0,0,1
14,57,14,40.63426588,-8.66014288,4,100,0,0,0,1
14,57,15,40.63426588,-8.66014288,4,100,0,0,0,1
14,57,15,40.63426588,-8.66014384,4,100,0,0,0,1
14,57,15,40.63426588,-8.66014288,5,100,0,0,0,1
14,57,16,40.63426588,-8.66014288,5,29,0,0,0,1
14,57,16,40.63426588,-8.66014288,4,29,0,0,0,1
14,57,16,40.63426588,-8.66014288,4,30,0,0,0,1
14,57,17,40.63426588,-8.66014288,4,31,0,0,0,1
14,57,17,40.63426588,-8.66014288,4,32,0,0,0,1
14,57,18,40.63426588,-8.66014288,4,33,0,0,0,1
14,57,18,40.63426588,-8.66014288,4,34,0,0,0,1
14,57,18,40.63426588,-8.66014288,4,34,0,0,0,1
14,57,18,40.63426588,-8.66014384,4,35,0,0,0,1
14,57,19,40.63426588,-8.66014288,4,35,0,0,0,1
14,57,19,40.63426588,-8.66014288,4,35,0,0,0,1
14,57,20,40.63426588,-8.66014288,4,36,0,0,0,1
14,57,20,40.63426588,-8.66014288,4,36,0,0,0,1
14,57,20,40.63426588,-8.66014384,4,37,0,0,0,1
14,57,21,40.63426588,-8.66014384,4,38,0,0,0,1
14,57,21,40.63426588,-8.66014384,4,50,0,0,0,1
14,57,21,40.63426588,-8.66014288,4,50,0,0,0,1
14,57,22,40.63426588,-8.66014288,4,61,0,0,0,1
14,57,22,40.63426588,-8.66014288,4,61,0,0,0,1
14,57,22,40.63426588,-8.66014288,4,61,0,0,0,1
14,57,22,40.63426588,-8.66014384,4,85,0,0,0,1
14,57,23,40.63426588,-8.66014288,4,97,0,0,0,1
14,57,23,40.63426588,-8.66014288,4,97,0,0,0,1
14,57,24,40.63426588,-8.66014288,4,100,0,0,0,1
14,57,24,40.63426588,-8.66014384,4,100,0,0,0,1
14,57,24,40.63426588,-8.66014384,4,100,0,0,0,1
14,57,25,40.63426588,-8.66014288,4,100,0,0,0,1
14,57,25,40.63426588,-8.66014288,4,100,0,0,0,1
14,57,25,40.63426588,-8.66014384,4,100,0,0,0,1
14,57,26,40.63426588,-8.66014384,4,100,0,0,0,1
14,57,26,40.63426588,-8.66014384,4,100,0,0,0,1
14,57,26,40.63426588,-8.66014288,4,100,0,0,0,1
14,57,27,40.63426588,-8.66014288,4,100,0,0,0,1
14,57,27,40.63426588,-8.66014384,4,100,0,0,0,1
14,57,27,40.63426588,-8.66014384,4,100,0,0,0,1
14,57,28,40.63426588,-8.66014384,4,100,0,0,0,1
14,57,28,40.63426588,-8.66014288,4,100,0,0,0,1
14,57,28,40.63426588,-8.66014384,4,100,0,0,0,1
14,57,28,40.63426588,-8.66014384,4,100,0,0,0,1
14,57,29,40.63426588,-8.66014384,4,100,0,0,0,1
14,57,29,40.63426588,-8.66014384,4,100,0,0,0,1
14,57,30,40.63426588,-8.66014384,4,100,0,0,0,1
14,57,30,40.63426588,-8.66014384,4,100,0,0,0,1
14,57,30,40.63426588,-8.66014288,4,100,0,0,0,1
14,57,31,40.63426588,-8.66014288,4,100,0,0,0,1
14,57,31,40.63426588,-8.66014288,4,100,0,0,0,1
14,57,31,40.63426588,-8.66014288,4,100,0,0,0,1
14,57,32,40.63426588,-8.66014288,4,100,0,0,0,1
14,57,32,40.63426588,-8.66014384,4,100,0,0,0,1
14,57,32,40.63426588,-8.66014288,4,100,0,0,0,1
14,57,33,40.63426588,-8.66014288,4,100,0,0,0,1
14,57,33,40.63426588,-8.66014288,4,100,0,0,0,1
14,57,33,40.63426588,-8.66014288,4,100,0,0,0,1
14,57,34,40.63426588,-8.66014384,4,100,0,0,0,1
14,57,34,40.63426588,-8.66014384,4,100,0,0,0,1
14,57,34,40.63426588,-8.66014384,4,100,0,0,0,1
14,57,34,40.63426588,-8.66014384,4,100,0,0,0,1
14,57,35,40.63426588,-8.66014288,4,100,0,0,0,1
14,57,35,40.63426588,-8.66014288,4,100,0,0,0,1
14,57,36,40.63426588,-8.66014288,4,100,0,0,0,1
14,57,36,40.63426588,-8.66014288,4,100,0,0,0,1
14,57,36,40.63426588,-8.66014288,4,100,0,0,0,1
14,57,37,40.63426588,-8.66014288,4,100,0,0,0,1
14,57,37,40.63426588,-8.66014288,4,100,0,0,0,1
14,57,37,40.63426588,-8.66014384,4,100,0,0,0,1
14,57,38,40.63426588,-8.66014384,4,100,0,0,0,1
14,57,38,40.63426588,-8.66014384,4,100,0,0,0,1
14,57,38,40.63426588,-8.66014288,4,100,0,0,0,1
14,57,39,40.63426588,-8.66014384,4,100,0,0,0,1
14,57,39,40.63426588,-8.66014384,4,100,0,0,0,1
14,57,39,40.63426588,-8.66014288,4,100,0,0,0,1
14,57,40,40.63426588,-8.66014288,4,100,0,0,0,1
14,57,40,40.63426588,-8.66014384,4,100,0,0,0,1
14,57,40,40.63426588,-8.66014288,4,100,0,0,0,1
14,57,41,40.63426588,-8.66014288,4,100,0,0,0,1
14,57,41,40.63426588,-8.66014288,4,100,0,0,0,1
14,57,41,40.63426588,-8.66014288,4,100,0,0,0,1
14,57,42,40.63426588,-8.66014288,4,100,0,0,0,1
14,57,42,40.63426588,-8.66014288,4,100,0,0,0,1
14,57,43,40.63426588,-8.66014288,4,100,0,0,0,1
14,57,43,40.63426588,-8.66014288,4,100,0,0,0,1
14,57,43,40.63426588,-8.66014288,4,100,0,0,0,1
14,57,44,40.63426588,-8.66014288,4,100,0,0,0,1
14,57,44,40.63426588,-8.66014288,4,71,0,0,0,1
14,57,44,40.63426588,-8.66014384,4,71,0,0,0,1
14,57,45,40.63426588,-8.66014384,4,88,0,0,0,1
14,57,45,40.63426588,-8.66014288,4,100,0,0,0,1
14,57,45,40.63426588,-8.66014384,4,100,0,0,0,1
14,57,46,40.63426588,-8.66014384,4,100,0,0,0,1
14,57,46,40.63426588,-8.66014384,4,100,0,0,0,1
14,57,46,40.63426588,-8.66014288,4,100,0,0,0,1
14,57,47,40.63426588,-8.66014288,4,100,0,1,0,1
14,57,47,40.63426588,-8.66014288,4,100,0,0,0,1
14,57,47,40.63426588,-8.66014384,4,100,0,0,0,1
14,57,48,40.63426588,-8.66014288,4,100,0,0,0,1
14,57,48,40.63426588,-8.66014288,4,79,0,0,0,1
14,57,48,40.63426588,-8.66014288,4,79,0,0,0,1
14,57,49,40.63426588,-8.66014288,4,98,0,0,0,1
14,57,49,40.63426588,-8.66014288,4,100,0,0,0,1
14,57,49,40.63426588,-8.66014288,4,100,0,0,0,1
14,57,50,40.63426588,-8.66014288,4,100,0,0,0,1
14,57,50,40.63426588,-8.66014288,4,100,0,0,0,1
14,57,50,40.63426588,-8.66014288,4,100,0,0,0,1
14,57,51,40.63426588,-8.66014288,4,100,0,0,0,1
14,57,51,40.63426588,-8.66014288,4,100,0,0,0,1
14,57,51,40.63426588,-8.66014288,4,100,0,0,0,1
14,57,52,40.63426588,-8.66014288,4,100,0,0,0,1
14,57,52,40.63426588,-8.66014288,4,100,0,0,0,1
14,57,52,40.63426588,-8.66014288,4,100,0,0,0,1
14,57,53,40.63426588,-8.66014288,4,100,0,0,0,1
14,57,53,40.63426588,-8.66014288,4,100,0,0,0,1
14,57,53,40.63426588,-8.66014288,4,100,0,0,0,1
14,57,54,40.63426588,-8.66014288,4,100,0,0,0,1
14,57,54,40.63426588,-8.66014288,4,100,0,0,0,1
14,57,54,40.63426588,-8.66014288,4,100,0,0,0,1
14,57,55,40.63426588,-8.66014288,4,100,0,0,0,1
14,57,55,40.63426588,-8.66014288,4,100,0,0,0,1
14,57,55,40.63426588,-8.66014288,4,100,0,0,0,1
14,57,56,40.63426588,-8.66014288,4,100,0,0,0,1
14,57,56,40.63426588,-8.66014288,4,100,0,0,0,1
14,57,56,40.63426588,-8.66014288,4,100,0,0,0,1
14,57,57,40.63426588,-8.66014288,4,100,0,0,0,1
14,57,57,40.63426588,-8.66014288,4,100,0,0,0,1
14,57,57,40.63426588,-8.66014288,4,100,0,0,0,1
14,57,58,40.63426588,-8.66014288,4,100,0,0,0,1
14,57,58,40.63426588,-8.66014288,4,100,0,0,0,1
14,57,58,40.63426588,-8.66014288,4,100,0,0,0,1
14,57,59,40.63426588,-8.66014288,4,100,0,0,0,1
14,57,59,40.63426588,-8.66014288,4,100,0,0,0,1
14,57,59,40.63426588,-8.66014384,4,100,0,0,0,1
14,58,0,40.63426588,-8.66014288,4,100,0,0,0,1
14,58,0,40.63426588,-8.66014288,4,100,0,0,0,1
14,58,0,40.63426588,-8.66014288,4,100,0,0,0,1
14,58,0,40.63426588,-8.66014288,4,100,0,0,0,1
14,58,1,40.63426588,-8.66014288,4,100,0,0,0,1
14,58,1,40.63426588,-8.66014288,4,100,0,0,0,1
14,58,2,40.63426588,-8.66014288,4,100,0,0,0,1
14,58,2,40.63426588,-8.66014288,4,100,0,0,0,1
14,58,2,40.63426588,-8.66014288,4,100,0,0,0,1
14,58,3,40.63426588,-8.66014288,4,100,0,0,0,1
14,58,3,40.63426588,-8.66014288,4,100,0,0,0,1
14,58,3,40.63426588,-8.66014288,4,100,0,0,0,1
14,58,4,40.63426588,-8.66014384,4,100,0,0,0,1
14,58,4,40.63426588,-8.66014384,4,100,0,0,0,1
14,58,4,40.63426588,-8.66014384,4,100,0,0,0,1
14,58,5,40.63426588,-8.66014288,4,100,0,0,0,1
14,58,5,40.63426588,-8.66014384,4,100,0,0,0,1
14,58,5,40.63426588,-8.66014288,4,100,0,0,0,1
14,58,5,40.63426588,-8.66014288,4,100,0,0,0,1
14,58,6,40.63426588,-8.66014288,5,27,0,0,0,1
14,58,6,40.63426588,-8.66014288,5,27,0,0,0,1
14,58,7,40.63426588,-8.66014288,5,28,0,0,0,1
14,58,7,40.63426588,-8.66014288,5,29,0,0,0,1
14,58,7,40.63426588,-8.66014288,5,29,0,0,0,1
14,58,8,40.63426588,-8.66014288,5,29,0,0,0,1
14,58,8,40.63426588,-8.66014384,4,30,0,0,0,1
14,58,8,40.63426588,-8.66014288,4,30,0,0,0,1
14,58,9,40.63426588,-8.66014384,4,31,0,0,0,1
14,58,9,40.63426588,-8.66014384,4,31,0,0,0,1
14,58,9,40.63426588,-8.66014384,4,32,0,0,0,1
14,58,10,40.63426588,-8.66014384,4,32,0,1,0,1
14,58,10,40.63426588,-8.66014384,4,33,0,0,0,1
14,58,10,40.63426588,-8.66014288,4,33,0,0,0,1
14,58,11,40.63426588,-8.66014288,4,34,0,0,0,1
14,58,11,40.63426588,-8.66014288,4,35,0,0,0,1
14,58,11,40.63426588,-8.66014288,4,35,0,0,0,1
14,58,12,40.63426588,-8.66014288,4,35,0,0,0,1
14,58,12,40.63426588,-8.66014288,4,36,0,0,0,1
14,58,12,40.63426588,-8.66014288,4,36,0,0,0,1
14,58,13,40.63426588,-8.66014288,4,37,0,0,0,1
14,58,13,40.63426588,-8.66014288,4,37,0,0,0,1
14,58,13,40.63426588,-8.66014288,4,52,0,0,0,1
14,58,14,40.63426588,-8.66014288,4,68,0,0,0,1
14,58,14,40.63426588,-8.66014288,4,84,0,0,0,1
14,58,14,40.63426588,-8.66014288,4,84,0,0,0,1
14,58,15,40.63426588,-8.66014288,4,100,0,0,0,1
14,58,15,40.63426588,-8.66014288,4,100,0,0,0,1
14,58,15,40.63426588,-8.66014384,4,100,0,0,0,1
14,58,16,40.63426588,-8.66014384,4,100,0,0,0,1
14,58,16,40.63426588,-8.66014384,4,100,0,0,0,1
14,58,16,40.63426588,-8.66014288,4,100,0,0,0,1
14,58,17,40.63426588,-8.66014288,4,100,0,0,0,1
14,58,17,40.63426588,-8.66014384,4,100,0,0,0,1
14,58,17,40.63426588,-8.66014384,4,100,0,0,0,1
14,58,18,40.63426588,-8.66014384,4,100,0,0,0,1
14,58,18,40.63426588,-8.66014288,4,100,0,0,0,1
14,58,18,40.63426588,-8.66014288,4,100,0,0,0,1
14,58,19,40.63426588,-8.66014288,4,100,0,0,0,1
14,58,19,40.63426588,-8.66014288,4,100,0,0,0,1
14,58,19,40.63426588,-8.66014288,4,100,0,0,0,1
14,58,20,40.63426588,-8.66014288,4,100,0,0,0,1
14,58,20,40.63426588,-8.66014288,4,100,0,0,0,1
14,58,20,40.63426588,-8.66014288,4,100,0,0,0,1
14,58,21,40.63426588,-8.66014288,4,100,0,0,0,1
14,58,21,40.63426588,-8.66014288,4,100,0,0,0,1
14,58,21,40.63426588,-8.66014288,4,100,0,0,0,1
14,58,22,40.63426588,-8.66014288,4,100,0,0,0,1
14,58,22,40.63426588,-8.66014288,4,100,0,0,0,1
14,58,22,40.63426588,-8.66014288,4,100,0,0,0,1
14,58,23,40.63426588,-8.66014384,4,100,0,0,0,1
14,58,23,40.63426588,-8.66014288,4,100,0,0,0,1
14,58,23,40.63426588,-8.66014288,4,100,0,0,0,1
14,58,24,40.63426588,-8.66014288,4,100,0,0,0,1
14,58,24,40.63426588,-8.66014288,4,100,0,0,0,1
14,58,24,40.63426588,-8.66014288,4,100,0,0,0,1
14,58,25,40.63426588,-8.66014288,4,100,0,0,0,1
14,58,25,40.63426588,-8.66014288,4,100,0,0,0,1
14,58,25,40.63426588,-8.66014288,4,100,0,0,0,1
14,58,26,40.63426588,-8.66014288,4,100,0,0,0,1
14,58,26,40.63426588,-8.66014288,4,100,0,0,0,1
14,58,26,40.63426588,-8.66014288,4,100,0,0,0,1
14,58,27,40.63426588,-8.66014288,4,100,0,0,0,1
14,58,27,40.63426588,-8.66014288,4,100,0,0,0,1
14,58,27,40.63426588,-8.66014288,4,100,0,0,0,1
14,58,28,40.63426588,-8.66014288,4,100,0,0,0,1
14,58,28,40.63426588,-8.66014384,4,100,0,0,0,1
14,58,28,40.63426588,-8.66014288,4,100,0,0,0,1
14,58,29,40.63426588,-8.66014288,4,100,0,0,0,1
14,58,29,40.63426588,-8.66014288,4,100,0,0,0,1
14,58,29,40.63426588,-8.66014288,4,100,0,0,0,1
14,58,30,40.63426588,-8.66014288,4,100,0,0,0,1
14,58,30,40.63426588,-8.66014288,4,100,0,0,0,1
14,58,30,40.63426588,-8.66014288,4,100,0,0,0,1
14,58,31,40.63426588,-8.66014288,4,100,0,0,0,1
14,58,31,40.63426588,-8.66014288,4,100,0,0,0,1
14,58,31,40.63426588,-8.66014288,4,100,0,0,0,1
14,58,32,40.63426588,-8.66014288,4,100,0,0,0,1
14,58,32,40.63426588,-8.66014288,4,100,0,0,0,1
14,58,32,40.63426588,-8.66014288,4,100,0,0,0,1
14,58,33,40.63426588,-8.66014384,4,100,0,0,0,1
14,58,33,40.63426588,-8.66014288,4,100,0,0,0,1
14,58,33,40.63426588,-8.66014288,4,100,0,0,0,1
14,58,34,40.63426588,-8.66014288,4,100,0,0,0,1
14,58,34,40.63426588,-8.66014288,4,100,0,0,0,1
14,58,34,40.63426588,-8.66014288,4,100,0,0,0,1
14,58,35,40.63426588,-8.66014288,4,100,0,0,0,1
