15,10,35,40.63424300,-8.66013624,5,16,0,0,0,1
15,10,35,40.63424300,-8.66013624,5,27,0,0,0,1
15,10,36,40.63424300,-8.66013624,5,21,0,0,0,1
15,10,36,40.63424300,-8.66013812,5,18,0,0,0,1
15,10,36,40.63424300,-8.66013812,5,18,0,0,0,1
15,10,37,40.63424300,-8.66013812,5,16,0,0,0,1
15,10,37,40.63424300,-8.66013812,5,16,0,0,0,1
15,10,37,40.63424300,-8.66013908,5,16,0,0,0,1
15,10,38,40.63424300,-8.66013908,5,16,0,0,0,1
15,10,38,40.63424300,-8.66014004,5,12,0,0,0,1
15,10,38,40.63425064,-8.66014004,5,10,0,0,0,1
15,10,39,40.63425064,-8.66014004,5,11,0,0,0,1
15,10,39,40.63425064,-8.66014196,5,11,0,0,0,1
15,10,39,40.63425064,-8.66014196,5,11,0,0,0,1
15,10,40,40.63425064,-8.66014196,5,11,0,0,0,1
15,10,40,40.63425064,-8.66014288,5,16,0,0,0,1
15,10,40,40.63425064,-8.66014288,5,16,0,0,0,1
15,10,41,40.63425064,-8.66014288,5,16,0,0,0,1
15,10,41,40.63425064,-8.66014288,5,16,0,0,0,1
15,10,41,40.63425064,-8.66014288,5,16,0,0,0,1
15,10,42,40.63425064,-8.66014288,5,13,0,0,0,1
15,10,42,40.63425064,-8.66014384,5,13,0,0,0,1
15,10,42,40.63425064,-8.66014384,5,13,0,0,0,1
15,10,43,40.63425064,-8.66014384,5,12,0,0,0,1
15,10,43,40.63425064,-8.66014288,5,12,0,0,0,1
15,10,43,40.63425064,-8.66014288,5,12,0,0,0,1
15,10,44,40.63425064,-8.66014288,5,12,0,0,0,1
15,10,44,40.63425064,-8.66014288,5,11,0,0,0,1
15,10,44,40.63425064,-8.66014288,5,12,0,0,0,1
15,10,45,40.63425064,-8.66014288,5,11,0,0,0,1
15,10,45,40.63425064,-8.66014288,5,11,0,0,0,1
15,10,45,40.63425064,-8.66014288,5,11,0,0,0,1
15,10,46,40.63425064,-8.66014288,5,11,0,0,0,1
15,10,46,40.63425064,-8.66014288,5,11,0,0,0,1
15,10,46,40.63425064,-8.66014288,5,11,0,0,0,1
15,10,47,40.63425064,-8.66014288,5,11,0,0,0,1
15,10,47,40.63425064,-8.66014288,5,10,0,0,0,1
15,10,47,40.63425064,-8.66014288,5,10,0,0,0,1
15,10,48,40.63425064,-8.66014288,5,11,0,0,0,1
15,10,48,40.63425064,-8.66014196,5,11,0,0,0,1
15,10,48,40.63425064,-8.66014004,5,11,0,0,0,1
15,10,49,40.63425064,-8.66014004,5,11,0,0,0,1
15,10,49,40.63425064,-8.66014004,5,17,0,0,0,1
15,10,49,40.63425064,-8.66013908,5,17,0,0,0,1
15,10,50,40.63425064,-8.66013908,5,17,0,0,0,1
15,10,50,40.63425064,-8.66013908,5,16,0,0,0,1
15,10,50,40.63425064,-8.66013812,5,16,0,0,0,1
15,10,51,40.63425064,-8.66013812,5,16,0,0,0,1
15,10,51,40.63425064,-8.66013812,5,16,0,0,0,1
15,10,51,40.63425064,-8.66013624,5,16,0,0,0,1
15,10,52,40.63425064,-8.66013624,5,16,0,0,0,1
15,10,52,40.63425064,-8.66013624,5,16,0,0,0,1
15,10,53,40.63425064,-8.66013624,5,16,0,0,0,1
15,10,53,40.63425444,-8.66013624,5,15,0,0,0,1
15,10,53,40.63425444,-8.66013624,5,15,0,0,0,1
15,10,54,40.63425444,-8.66013624,5,15,0,0,0,1
15,10,54,40.63425444,-8.66013528,5,15,0,0,0,1
15,10,54,40.63425444,-8.66013528,5,15,0,0,0,1
15,10,55,40.63425444,-8.66013528,5,15,0,0,0,1
15,10,55,40.63425444,-8.66013528,5,15,0,0,0,1
15,10,55,40.63425444,-8.66013528,5,15,0,0,0,1
15,10,56,40.63425444,-8.66013528,5,15,0,0,0,1
15,10,56,40.63425444,-8.66013528,5,15,0,0,0,1
15,10,56,40.63425444,-8.66013528,5,15,0,0,0,1
15,10,57,40.63425444,-8.66013528,5,14,0,0,0,1
15,10,57,40.63425444,-8.66013528,5,14,0,0,0,1
15,10,57,40.63425444,-8.66013528,5,14,0,0,0,1
15,10,58,40.63425444,-8.66013528,5,14,0,0,0,1
15,10,58,40.63425444,-8.66013528,5,14,0,0,0,1
15,10,58,40.63425444,-8.66013528,5,14,0,0,0,1
15,10,59,40.63425444,-8.66013528,5,14,0,0,0,1
15,10,59,40.63425444,-8.66013528,5,14,0,0,0,1
15,10,59,40.63425444,-8.66013528,5,14,0,0,0,1
15,11,0,40.63425444,-8.66013528,5,14,0,0,0,1
15,11,0,40.63425444,-8.66013528,5,13,0,0,0,1
15,11,0,40.63425444,-8.66013528,5,13,0,0,0,1
15,11,1,40.63425444,-8.66013528,5,13,0,0,0,1
15,11,1,40.63425444,-8.66013528,5,13,0,0,0,1
15,11,1,40.63425444,-8.66013528,5,13,0,0,0,1
15,11,2,40.63425444,-8.66013528,5,13,0,0,0,1
15,11,2,40.63425444,-8.66013528,5,13,0,0,0,1
15,11,2,40.63425444,-8.66013528,5,13,0,0,0,1
15,11,3,40.63425444,-8.66013528,5,13,0,0,0,1
15,11,3,40.63425444,-8.66013624,5,13,0,0,0,1
15,11,3,40.63425444,-8.66013624,5,13,0,0,0,1
15,11,4,40.63425444,-8.66013624,5,11,0,0,0,1
15,11,4,40.63425444,-8.66013624,5,11,0,0,0,1
15,11,4,40.63425444,-8.66013624,5,11,0,0,0,1
15,11,5,40.63425444,-8.66013624,5,11,0,0,0,1
15,11,5,40.63425064,-8.66013624,5,11,0,0,0,1
15,11,5,40.63425064,-8.66013624,5,11,0,0,0,1
15,11,6,40.63425064,-8.66013624,5,10,0,0,0,1
15,11,6,40.63425064,-8.66013812,5,10,0,0,0,1
15,11,6,40.63425064,-8.66013812,5,10,0,0,0,1
15,11,7,40.63425064,-8.66013812,5,10,0,0,0,1
15,11,7,40.63425064,-8.66013812,5,10,0,0,0,1
15,11,7,40.63425064,-8.66013908,5,10,0,0,0,1
15,11,8,40.63425064,-8.66013908,5,10,0,0,0,1
15,11,8,40.63425064,-8.66013908,5,10,0,0,0,1
15,11,8,40.63425064,-8.66014004,5,10,0,0,0,1
15,11,9,40.63425064,-8.66014004,5,10,0,0,0,1
15,11,9,40.63425064,-8.66014004,5,10,0,0,0,1
15,11,9,40.63425064,-8.66014196,5,10,0,0,0,1
15,11,10,40.63425064,-8.66014196,5,11,0,0,0,1
15,11,10,40.63425064,-8.66014196,5,11,0,0,0,1
15,11,10,40.63425064,-8.66014288,5,11,0,0,0,1
15,11,11,40.63425064,-8.66014288,5,11,0,0,0,1
15,11,11,40.63425064,-8.66014288,5,11,0,0,0,1
15,11,11,40.63425064,-8.66014288,5,11,0,0,0,1
15,11,12,40.63425064,-8.66014288,5,11,0,0,0,1
15,11,12,40.63425064,-8.66014288,5,11,0,0,0,1
15,11,12,40.63425064,-8.66014288,5,11,0,0,0,1
15,11,13,40.63425064,-8.66014288,5,11,0,0,0,1
15,11,13,40.63425064,-8.66014288,5,11,0,0,0,1
15,11,13,40.63425064,-8.66014384,5,11,0,0,0,1
15,11,14,40.63425064,-8.66014384,5,11,0,0,0,1
15,11,14,40.63425064,-8.66014384,5,11,0,0,0,1
15,11,14,40.63425064,-8.66014384,5,11,0,0,0,1
15,11,15,40.63425064,-8.66014384,5,11,0,0,0,1
15,11,15,40.63425064,-8.66014384,5,11,0,0,0,1
15,11,15,40.63425064,-8.66014384,5,11,0,0,0,1
15,11,16,40.63425064,-8.66014384,5,11,0,0,0,1
15,11,16,40.63425064,-8.66014288,5,11,0,0,0,1
15,11,16,40.63425064,-8.66014288,5,11,0,0,0,1
15,11,17,40.63425444,-8.66014288,5,11,0,0,0,1
15,11,17,40.63425444,-8.66014288,5,11,0,0,0,1
15,11,17,40.63425444,-8.66014288,5,11,0,0,0,1
15,11,18,40.63425444,-8.66014288,5,10,0,0,0,1
15,11,18,40.63425444,-8.66014288,5,10,0,0,0,1
15,11,18,40.63425444,-8.66014288,5,10,0,0,0,1
15,11,19,40.63425444,-8.66014288,5,10,0,0,0,1
15,11,19,40.63425444,-8.66014288,5,10,0,0,0,1
15,11,19,40.63425444,-8.66014288,5,10,0,0,0,1
15,11,20,40.63425444,-8.66014288,5,10,0,0,0,1
15,11,20,40.63425444,-8.66014288,5,10,0,0,0,1
15,11,20,40.63425444,-8.66014288,5,10,0,0,0,1
15,11,21,40.63425444,-8.66014288,5,10,0,0,0,1
15,11,21,40.63425444,-8.66014288,5,10,0,0,0,1
15,11,21,40.63425828,-8.66014288,5,10,0,0,0,1
15,11,22,40.63425828,-8.66014288,5,10,0,0,0,1
15,11,22,40.63425828,-8.66014288,5,10,0,0,0,1
15,11,22,40.63425828,-8.66014196,5,10,0,0,0,1
15,11,23,40.63425828,-8.66014196,5,10,0,0,0,1
15,11,23,40.63425828,-8.66014196,5,10,0,0,0,1
15,11,23,40.63425828,-8.66014196,5,10,0,0,0,1
15,11,24,40.63425828,-8.66014196,5,11,0,0,0,1
15,11,24,40.63425828,-8.66014196,5,11,0,0,0,1
15,11,24,40.63425828,-8.66014196,5,11,0,0,0,1
15,11,25,40.63425828,-8.66014196,5,11,0,0,0,1
15,11,25,40.63425828,-8.66014196,5,12,0,0,0,1
15,11,25,40.63425828,-8.66014196,5,12,0,0,0,1
15,11,26,40.63425828,-8.66014196,5,12,0,0,0,1
15,11,26,40.63425828,-8.66014196,5,12,0,0,0,1
15,11,26,40.63425828,-8.66014288,5,12,0,0,0,1
15,11,27,40.63425828,-8.66014288,5,12,0,0,0,1
15,11,27,40.63425828,-8.66014288,5,12,0,0,0,1
15,11,27,40.63425828,-8.66014288,5,12,0,0,0,1
15,11,28,40.63425828,-8.66014288,5,12,0,0,0,1
15,11,28,40.63425828,-8.66014288,5,13,0,0,0,1
15,11,28,40.63425828,-8.66014288,5,13,0,0,0,1
15,11,28,40.63425828,-8.66014288,5,13,0,0,0,1
15,11,29,40.63425828,-8.66014288,5,13,0,0,0,1
15,11,29,40.63425828,-8.66014288,5,13,0,0,0,1
15,11,30,40.63425828,-8.66014288,5,13,0,0,0,1
15,11,30,40.63425828,-8.66014288,5,13,0,0,0,1
15,11,30,40.63425828,-8.66014288,5,13,0,0,0,1
15,11,31,40.63425828,-8.66014288,5,13,0,0,0,1
15,11,31,40.63425828,-8.66014288,5,13,0,0,0,1
15,11,31,40.63425828,-8.66014288,5,13,0,0,0,1
15,11,32,40.63425828,-8.66014288,5,13,0,0,0,1
15,11,32,40.63425828,-8.66014288,5,13,0,0,0,1
15,11,32,40.63425828,-8.66014288,5,13,0,0,0,1
15,11,33,40.63425828,-8.66014288,5,14,0,0,0,1
15,11,33,40.63425828,-8.66014288,5,14,0,0,0,1
15,11,33,40.63425828,-8.66014288,5,14,0,0,0,1
15,11,34,40.63425828,-8.66014288,5,14,0,0,0,1
15,11,34,40.63425828,-8.66014288,5,14,0,0,0,1
15,11,34,40.63425828,-8.66014288,5,14,0,0,0,1
15,11,35,40.63425828,-8.66014288,5,14,0,0,0,1
15,11,35,40.63425828,-8.66014288,5,14,0,0,0,1
15,11,35,40.63425828,-8.66014384,5,14,0,0,0,1
15,11,36,40.63425828,-8.66014384,5,14,0,0,0,1
15,11,36,40.63425828,-8.66014384,5,14,0,0,0,1
15,11,36,40.63425828,-8.66014384,5,14,0,0,0,1
15,11,37,40.63425828,-8.66014384,5,14,0,0,0,1
15,11,37,40.63425828,-8.66014384,5,14,0,0,0,1
15,11,37,40.63425828,-8.66014384,5,14,0,0,0,1
15,11,38,40.63425828,-8.66014384,5,14,0,0,0,1
15,11,38,40.63425828,-8.66014384,5,16,0,0,0,1
15,11,38,40.63425828,-8.66014384,5,16,0,0,0,1
15,11,39,40.63425828,-8.66014384,5,16,0,0,0,1
15,11,39,40.63425828,-8.66014384,5,16,0,0,0,1
15,11,39,40.63425828,-8.66014384,5,16,0,0,0,1
15,11,40,40.63425828,-8.66014384,5,16,0,0,0,1
15,11,40,40.63425828,-8.66014384,5,16,0,0,0,1
15,11,40,40.63425828,-8.66014384,5,16,0,0,0,1
15,11,41,40.63425828,-8.66014384,5,16,0,0,0,1
15,11,41,40.63425828,-8.66014384,5,16,0,0,0,1
15,11,41,40.63425828,-8.66014384,5,16,0,0,0,1
15,11,42,40.63425828,-8.66014384,5,16,0,0,0,1
15,11,42,40.63425828,-8.66014384,5,16,0,0,0,1
15,11,42,40.63425828,-8.66014384,5,16,0,0,0,1
15,11,43,40.63425828,-8.66014384,5,16,0,0,0,1
15,11,43,40.63425828,-8.66014384,5,16,0,0,0,1
15,11,43,40.63426588,-8.66014384,5,16,0,0,0,1
15,11,44,40.63426588,-8.66014384,5,23,0,0,0,1
15,11,44,40.63426588,-8.66014384,5,23,0,0,0,1
15,11,44,40.63426588,-8.66014384,5,23,0,0,0,1
15,11,45,40.63426588,-8.66014384,5,20,0,0,0,1
15,11,45,40.63426588,-8.66014384,5,20,0,0,0,1
15,11,45,40.63426588,-8.66014384,5,20,0,0,0,1
15,11,46,40.63426588,-8.66014384,5,20,0,0,0,1
15,11,46,40.63426588,-8.66014384,5,20,0,0,0,1
15,11,46,40.63426588,-8.66014384,5,20,0,0,0,1
15,11,47,40.63426588,-8.66014384,5,20,0,0,0,1
15,11,47,40.63426588,-8.66014384,5,20,0,0,0,1
15,11,47,40.63426588,-8.66014384,5,20,0,0,0,1
15,11,48,40.63426588,-8.66014384,5,19,0,0,0,1
15,11,48,40.63426588,-8.66014384,5,19,0,0,0,1
15,11,48,40.63426588,-8.66014384,5,19,0,0,0,1
15,11,49,40.63426588,-8.66014384,5,19,0,0,0,1
15,11,49,40.63426588,-8.66014384,5,20,0,0,0,1
15,11,49,40.63426588,-8.66014384,5,20,0,0,0,1
15,11,50,40.63426588,-8.66014384,5,20,0,0,0,1
15,11,50,40.63426588,-8.66014384,5,20,0,0,0,1
15,11,50,40.63426588,-8.66014384,5,20,0,0,0,1
15,11,51,40.63426588,-8.66014384,5,20,0,0,0,1
15,11,51,40.63426588,-8.66014384,5,20,0,0,0,1
15,11,51,40.63426588,-8.66014384,5,20,0,0,0,1
15,11,52,40.63426588,-8.66014384,5,20,0,0,0,1
15,11,52,40.63426588,-8.66014384,5,20,0,0,0,1
15,11,52,40.63426588,-8.66014384,5,20,0,0,0,1
15,11,53,40.63426588,-8.66014384,5,20,0,0,0,1
15,11,53,40.63426588,-8.66014384,5,21,0,0,0,1
15,11,53,40.63426588,-8.66014480,5,21,0,0,0,1
15,11,54,40.63426588,-8.66014480,5,21,0,0,0,1
15,11,54,40.63426588,-8.66014480,5,21,0,0,0,1
15,11,54,40.63426588,-8.66014480,5,12,0,0,0,1
15,11,55,40.63426588,-8.66014480,5,12,0,1,0,1
15,11,55,40.63426588,-8.66014480,5,12,0,0,0,1
15,11,55,40.63426588,-8.66014480,5,12,0,0,0,1
15,11,56,40.63426588,-8.66014480,5,12,0,0,0,1
15,11,56,40.63426588,-8.66014480,5,11,0,0,0,1
15,11,56,40.63426588,-8.66014480,5,11,0,0,0,1
15,11,57,40.63426588,-8.66014480,5,11,0,0,0,1
15,11,57,40.63426588,-8.66014480,5,11,0,0,0,1
15,11,57,40.63426588,-8.66014480,5,11,0,0,0,1
15,11,58,40.63426588,-8.66014480,5,11,0,0,0,1
15,11,58,40.63426588,-8.66014480,5,20,0,0,0,1
15,11,58,40.63426588,-8.66014480,5,20,0,0,0,1
15,11,59,40.63426588,-8.66014480,5,20,0,0,0,1
15,11,59,40.63426588,-8.66014672,5,20,0,0,0,1
15,11,59,40.63426588,-8.66014672,5,20,0,0,0,1
15,12,0,40.63426588,-8.66014672,5,20,0,0,0,1
15,12,0,40.63426588,-8.66014672,5,20,0,0,0,1
15,12,0,40.63426588,-8.66014672,5,20,0,0,0,1
15,12,1,40.63426588,-8.66014672,5,20,0,0,0,1
15,12,1,40.63426588,-8.66014672,5,20,0,0,0,1
15,12,1,40.63426588,-8.66014672,5,20,0,0,0,1
15,12,2,40.63426588,-8.66014672,5,20,0,0,0,1
15,12,2,40.63426588,-8.66014672,5,20,0,0,0,1
15,12,2,40.63426588,-8.66014672,5,20,0,0,0,1
15,12,3,40.63426588,-8.66014672,5,20,0,0,0,1
15,12,3,40.63426588,-8.66014768,5,20,0,0,0,1
15,12,3,40.63426588,-8.66014768,5,20,0,0,0,1
15,12,4,40.63426588,-8.66014768,5,20,0,0,0,1
15,12,4,40.63426588,-8.66014768,5,20,0,0,0,1
15,12,4,40.63426588,-8.66014768,5,20,0,0,0,1
15,12,5,40.63426588,-8.66014768,5,20,0,0,0,1
15,12,5,40.63426588,-8.66014768,5,20,0,0,0,1
15,12,5,40.63426588,-8.66014768,5,20,0,0,0,1
15,12,6,40.63426588,-8.66014768,5,20,0,0,0,1
15,12,6,40.63426588,-8.66014768,5,20,0,0,0,1
15,12,6,40.63426588,-8.66014768,5,20,0,0,0,1
15,12,7,40.63426588,-8.66014768,5,20,0,0,0,1
15,12,7,40.63426588,-8.66014768,5,20,0,0,0,1
15,12,7,40.63426588,-8.66014768,5,20,0,0,0,1
15,12,8,40.63426588,-8.66014768,5,20,0,0,0,1
15,12,8,40.63426588,-8.66014768,5,20,0,0,0,1
15,12,8,40.63426588,-8.66014768,5,20,0,0,0,1
15,12,9,40.63426588,-8.66014768,5,20,0,0,0,1
15,12,9,40.63426588,-8.66014768,5,20,0,0,0,1
15,12,9,40.63426588,-8.66014768,5,20,0,0,0,1
15,12,10,40.63426588,-8.66014768,5,20,0,0,0,1
15,12,10,40.63426588,-8.66014768,5,20,0,0,0,1
15,12,10,40.63426588,-8.66014768,5,20,0,0,0,1
15,12,11,40.63426588,-8.66014768,5,20,0,0,0,1
15,12,11,40.63426588,-8.66014768,5,20,0,0,0,1
15,12,11,40.63426588,-8.66014768,5,20,0,0,0,1
15,12,12,40.63426588,-8.66014768,5,20,0,0,0,1
15,12,12,40.63426588,-8.66014768,5,20,0,0,0,1
15,12,12,40.63426588,-8.66014768,5,20,0,0,0,1
15,12,13,40.63426588,-8.66014768,5,20,0,0,0,1
15,12,13,40.63426588,-8.66014768,5,20,0,0,0,1
15,12,13,40.63426588,-8.66014768,5,20,0,0,0,1
15,12,14,40.63426588,-8.66014768,5,20,0,0,0,1
15,12,14,40.63426588,-8.66014768,5,21,0,0,0,1
15,12,14,40.63426588,-8.66014768,5,21,0,0,0,1
15,12,15,40.63426588,-8.66014768,5,21,0,0,0,1
15,12,15,40.63426588,-8.66014672,5,21,0,0,0,1
15,12,15,40.63426588,-8.66014672,5,21,0,0,0,1
15,12,16,40.63426588,-8.66014672,5,21,0,0,0,1
15,12,16,40.63426588,-8.66014672,5,21,0,0,0,1
15,12,16,40.63426588,-8.66014672,5,21,0,0,0,1
15,12,17,40.63426588,-8.66014672,5,21,0,0,0,1
15,12,17,40.63426588,-8.66014672,5,20,0,0,0,1
15,12,17,40.63426588,-8.66014672,5,20,0,0,0,1
15,12,18,40.63426588,-8.66014672,5,20,0,0,0,1
15,12,18,40.63426588,-8.66014672,5,20,0,0,0,1
15,12,18,40.63426588,-8.66014672,5,20,0,0,0,1
15,12,19,40.63426588,-8.66014672,5,20,0,0,0,1
15,12,19,40.63426588,-8.66014672,5,20,0,0,0,1
15,12,19,40.63426588,-8.66014672,5,20,0,0,0,1
15,12,20,40.63426588,-8.66014672,5,20,0,0,0,1
15,12,20,40.63426588,-8.66014672,5,20,0,0,0,1
15,12,20,40.63426588,-8.66014672,5,20,0,0,0,1
15,12,21,40.63426588,-8.66014672,5,20,0,0,0,1
15,12,21,40.63426588,-8.66014672,5,20,0,0,0,1
15,12,21,40.63426588,-8.66014672,5,20,0,0,0,1
15,12,22,40.63426588,-8.66014672,5,20,0,0,0,1
15,12,22,40.63426588,-8.66014672,5,20,0,0,0,1
15,12,22,40.63426588,-8.66014672,5,20,0,0,0,1
15,12,23,40.63426588,-8.66014672,5,20,0,0,0,1
15,12,23,40.63426588,-8.66014672,5,19,0,0,0,1
15,12,23,40.63426588,-8.66014672,5,19,0,0,0,1
15,12,24,40.63426588,-8.66014672,5,19,0,0,0,1
15,12,24,40.63426588,-8.66014672,5,19,0,0,0,1
15,12,24,40.63426588,-8.66014672,5,19,0,0,0,1
15,12,25,40.63426588,-8.66014672,5,19,0,0,0,1
15,12,25,40.63426588,-8.66014672,5,19,0,0,0,1
15,12,25,40.63426588,-8.66014672,5,19,0,0,0,1
15,12,26,40.63426588,-8.66014672,5,19,0,0,0,1
15,12,26,40.63426588,-8.66014672,5,19,0,0,0,1
15,12,26,40.63426588,-8.66014672,5,19,0,0,0,1
15,12,27,40.63426588,-8.66014672,5,20,0,0,0,1
15,12,27,40.63426588,-8.66014672,5,20,0,0,0,1
15,12,27,40.63426588,-8.66014672,5,19,0,0,0,1
15,12,28,40.63426588,-8.66014672,5,20,0,0,0,1
15,12,28,40.63426588,-8.66014672,5,20,0,0,0,1
15,12,28,40.63426588,-8.66014672,5,20,0,0,0,1
15,12,29,40.63426588,-8.66014672,5,20,0,1,0,1
15,12,29,40.63426588,-8.66014672,5,20,0,0,0,1
15,12,29,40.63426588,-8.66014672,5,20,0,0,0,1
15,12,30,40.63426588,-8.66014672,5,19,0,0,0,1
15,12,30,40.63426588,-8.66014384,4,41,0,0,0,1
15,12,30,40.63426588,-8.66014384,4,41,0,0,0,1
15,12,31,40.63426588,-8.66014384,4,42,0,0,0,1
15,12,31,40.63426588,-8.66014384,4,41,0,0,0,1
15,12,31,40.63426588,-8.66014384,4,41,0,0,0,1
15,12,32,40.63426588,-8.66014384,4,41,0,0,0,1
15,12,32,40.63426588,-8.66014384,4,41,0,0,0,1
15,12,32,40.63426588,-8.66014384,4,41,0,0,0,1
15,12,33,40.63426588,-8.66014384,4,40,0,0,0,1
15,12,33,40.63426588,-8.66014384,4,40,0,0,0,1
15,12,33,40.63426588,-8.66014384,4,40,0,0,0,1
15,12,34,40.63426588,-8.66014384,4,40,0,0,0,1
15,12,34,40.63426588,-8.66014384,4,39,0,0,0,1
15,12,34,40.63426588,-8.66014384,4,39,0,0,0,1
15,12,35,40.63426588,-8.66014384,4,39,0,0,0,1
15,12,35,40.63426588,-8.66014384,4,100,0,0,0,1
15,12,35,40.63426588,-8.66014384,4,100,0,0,0,1
15,12,36,40.63426588,-8.66014384,4,100,0,0,0,1
15,12,36,40.63426588,-8.66014384,4,100,0,0,0,1
15,12,36,40.63426588,-8.66014384,4,100,0,0,0,1
15,12,36,40.63426588,-8.66014384,4,100,0,0,0,1
15,12,37,40.63426588,-8.66014384,4,100,0,0,0,1
15,12,37,40.63426588,-8.66014384,4,100,0,0,0,1
15,12,38,40.63426588,-8.66014384,4,100,0,0,0,1
15,12,38,40.63426588,-8.66014384,4,100,0,0,0,1
15,12,38,40.63426588,-8.66014384,4,100,0,0,0,1
15,12,39,40.63426588,-8.66014384,4,100,0,0,0,1
15,12,39,40.63426588,-8.66014384,4,100,0,0,0,1
15,12,39,40.63426588,-8.66014384,4,100,0,0,0,1
15,12,40,40.63426588,-8.66014384,4,100,0,0,0,1
15,12,40,40.63426588,-8.66014384,4,100,0,0,0,1
15,12,40,40.63426588,-8.66014384,4,100,0,0,0,1
15,12,41,40.63426588,-8.66014384,4,100,0,0,0,1
15,12,41,40.63426588,-8.66014384,4,100,0,0,0,1
15,12,41,40.63426588,-8.66014384,4,100,0,0,0,1
15,12,42,40.63426588,-8.66014384,4,100,0,0,0,1
15,12,42,40.63426588,-8.66014384,4,100,0,0,0,1
15,12,42,40.63426588,-8.66014384,4,100,0,0,0,1
15,12,43,40.63426588,-8.66014384,4,100,0,0,0,1
15,12,43,40.63426588,-8.66014384,4,100,0,0,0,1
15,12,43,40.63426588,-8.66014384,4,100,0,0,0,1
15,12,44,40.63426588,-8.66014384,4,100,0,0,0,1
15,12,44,40.63426588,-8.66014384,4,100,0,0,0,1
15,12,44,40.63426588,-8.66014384,4,100,0,0,0,1
15,12,45,40.63426588,-8.66014384,4,100,0,0,0,1
15,12,45,40.63426588,-8.66014384,4,100,0,0,0,1
15,12,45,40.63426588,-8.66014384,4,100,0,0,0,1
15,12,46,40.63426588,-8.66014384,4,100,0,0,0,1
15,12,46,40.63426588,-8.66014384,4,100,0,0,0,1
15,12,46,40.63426588,-8.66014384,4,100,0,0,0,1
15,12,46,40.63426588,-8.66014384,4,100,0,0,0,1
15,12,47,40.63426588,-8.66014384,4,100,0,0,0,1
15,12,47,40.63426588,-8.66014384,4,100,0,0,0,1
15,12,48,40.63426588,-8.66014384,4,100,0,0,0,1
15,12,48,40.63426588,-8.66014384,4,100,0,0,0,1
15,12,48,40.63426588,-8.66014384,4,100,0,0,0,1
15,12,49,40.63426588,-8.66014384,4,100,0,0,0,1
15,12,49,40.63426588,-8.66014384,4,100,0,0,0,1
15,12,49,40.63426588,-8.66014384,4,100,0,0,0,1
15,12,50,40.63426588,-8.66014384,4,100,0,0,0,1
15,12,50,40.63426588,-8.66014384,4,100,0,0,0,1
15,12,50,40.63426588,-8.66014384,4,100,0,0,0,1
15,12,51,40.63426588,-8.66014384,4,100,0,0,0,1
15,12,51,40.63426588,-8.66014384,4,100,0,0,0,1
15,12,51,40.63426588,-8.66014384,4,100,0,0,0,1
15,12,52,40.63426588,-8.66014384,4,100,0,0,0,1
15,12,52,40.63426588,-8.66014384,4,100,0,0,0,1
15,12,52,40.63426588,-8.66014384,4,100,0,0,0,1
15,12,53,40.63426588,-8.66014384,4,100,0,0,0,1
15,12,53,40.63426588,-8.66014384,4,100,0,0,0,1
15,12,53,40.63426588,-8.66014384,4,100,0,0,0,1
15,12,54,40.63426588,-8.66014384,4,100,0,0,0,1
15,12,54,40.63426588,-8.66014384,4,100,0,0,0,1
15,12,54,40.63426588,-8.66014384,4,100,0,0,0,1
15,12,55,40.63426588,-8.66014384,4,100,0,0,0,1
15,12,55,40.63426588,-8.66014384,4,100,0,0,0,1
15,12,55,40.63426588,-8.66014384,4,100,0,0,0,1
15,12,56,40.63426588,-8.66014384,4,100,0,0,0,1
15,12,56,40.63426588,-8.66014384,4,100,0,0,0,1
15,12,56,40.63426588,-8.66014384,4,100,0,0,0,1
15,12,57,40.63426588,-8.66014384,4,100,0,0,0,1
15,12,57,40.63426588,-8.66014384,4,100,0,0,0,1
15,12,57,40.63426588,-8.66014384,4,100,0,0,0,1
15,12,57,40.63426588,-8.66014384,4,100,0,0,0,1
15,12,58,40.63426588,-8.66014384,4,100,0,0,0,1
15,12,58,40.63426588,-8.66014384,4,100,0,0,0,1
15,12,59,40.63426588,-8.66014384,4,100,0,0,0,1
15,12,59,40.63426588,-8.66014384,4,100,0,0,0,1
15,12,59,40.63426588,-8.66014384,4,100,0,0,0,1
15,13,0,40.63426588,-8.66014384,4,100,0,0,0,1
15,13,0,40.63426588,-8.66014384,4,100,0,0,0,1
15,13,0,40.63426588,-8.66014384,4,100,0,0,0,1
15,13,1,40.63426588,-8.66014384,4,100,0,0,0,1
15,13,1,40.63426588,-8.66014384,4,100,0,0,0,1
15,13,1,40.63426588,-8.66014384,4,100,0,0,0,1
15,13,2,40.63426588,-8.66014384,4,100,0,0,0,1
15,13,2,40.63426588,-8.66014384,4,100,0,0,0,1
15,13,2,40.63426588,-8.66014384,4,100,0,0,0,1
15,13,3,40.63426588,-8.66014384,4,100,0,0,0,1
15,13,3,40.63426588,-8.66014384,4,100,0,0,0,1
15,13,3,40.63426588,-8.66014384,4,100,0,0,0,1
15,13,4,40.63426588,-8.66014384,4,100,0,0,0,1
15,13,4,40.63426588,-8.66014384,4,100,0,0,0,1
15,13,4,40.63426588,-8.66014384,4,100,0,0,0,1
15,13,5,40.63426588,-8.66014384,4,100,0,0,0,1
15,13,5,40.63426588,-8.66014384,4,100,0,0,0,1
15,13,5,40.63426588,-8.66014384,4,100,0,0,0,1
15,13,6,40.63426588,-8.66014384,4,100,0,0,0,1
15,13,6,40.63426588,-8.66014384,4,100,0,0,0,1
15,13,6,40.63426588,-8.66014384,4,100,0,0,0,1
15,13,7,40.63426588,-8.66014384,4,100,0,0,0,1
15,13,7,40.63426588,-8.66014384,4,100,0,0,0,1
15,13,7,40.63426588,-8.66014384,4,100,0,0,0,1
15,13,8,40.63426588,-8.66014384,4,100,0,0,0,1
15,13,8,40.63426588,-8.66014384,4,100,0,0,0,1
15,13,8,40.63426588,-8.66014384,4,100,0,0,0,1
15,13,9,40.63426588,-8.66014384,4,100,0,0,0,1
15,13,9,40.63426588,-8.66014384,4,100,0,0,0,1
15,13,9,40.63426588,-8.66014384,4,100,0,0,0,1
15,13,10,40.63426588,-8.66014384,4,100,0,0,0,1
15,13,10,40.63426588,-8.66014384,4,100,0,0,0,1
15,13,10,40.63426588,-8.66014384,4,100,0,0,0,1
15,13,11,40.63426588,-8.66014384,4,100,0,0,0,1
15,13,11,40.63426588,-8.66014384,4,100,0,0,0,1
15,13,11,40.63426588,-8.66014384,4,100,0,0,0,1
15,13,12,40.63426588,-8.66014384,4,100,0,0,0,1
15,13,12,40.63426588,-8.66014384,4,100,0,0,0,1
15,13,12,40.63426588,-8.66014384,4,100,0,0,0,1
15,13,13,40.63426588,-8.66014384,4,100,0,0,0,1
15,13,13,40.63426588,-8.66014384,4,100,0,0,0,1
15,13,13,40.63426588,-8.66014384,4,100,0,0,0,1
15,13,14,40.63426588,-8.66014384,4,100,0,0,0,1
15,13,14,40.63426588,-8.66014384,4,100,0,0,0,1
15,13,14,40.63426588,-8.66014384,4,100,0,0,0,1
15,13,15,40.63426588,-8.66014384,4,100,0,0,0,1
15,13,15,40.63426588,-8.66014384,4,100,0,0,0,1
15,13,15,40.63426588,-8.66014384,4,100,0,0,0,1
15,13,16,40.63426588,-8.66014384,4,100,0,0,0,1
15,13,16,40.63426588,-8.66014384,4,100,0,0,0,1
15,13,16,40.63426588,-8.66014384,4,100,0,0,0,1
15,13,17,40.63426588,-8.66014384,4,100,0,0,0,1
15,13,17,40.63426588,-8.66014384,4,100,0,0,0,1
15,13,17,40.63426588,-8.66014384,4,100,0,0,0,1
15,13,18,40.63426588,-8.66014384,4,100,0,0,0,1
15,13,18,40.63426588,-8.66014384,4,100,0,0,0,1
15,13,18,40.63426588,-8.66014384,4,100,0,0,0,1
15,13,19,40.63426588,-8.66014384,4,100,0,0,0,1
15,13,19,40.63426588,-8.66014384,4,100,0,0,0,1
15,13,19,40.63426588,-8.66014384,4,100,0,0,0,1
15,13,20,40.63426588,-8.66014384,4,100,0,0,0,1
15,13,20,40.63426588,-8.66014384,4,100,0,0,0,1
15,13,20,40.63426588,-8.66014384,4,100,0,0,0,1
15,13,21,40.63426588,-8.66014384,4,100,0,0,0,1
15,13,21,40.63426588,-8.66014384,4,100,0,0,0,1
15,13,21,40.63426588,-8.66014384,4,100,0,0,0,1
15,13,22,40.63426588,-8.66014384,4,100,0,0,0,1
15,13,22,40.63426588,-8.66014384,4,100,0,0,0,1
15,13,22,40.63426588,-8.66014384,4,100,0,0,0,1
15,13,23,40.63426588,-8.66014384,4,100,0,0,0,1
15,13,23,40.63426588,-8.66014384,4,100,0,0,0,1
15,13,23,40.63426588,-8.66014384,4,100,0,0,0,1
15,13,23,40.63426588,-8.66014384,4,100,0,0,0,1
15,13,24,40.63426588,-8.66014384,4,100,0,0,0,1
15,13,24,40.63426588,-8.66014384,4,100,0,0,0,1
15,13,24,40.63426588,-8.66014384,4,100,0,0,0,1
15,13,25,40.63426588,-8.66014384,4,100,0,0,0,1
15,13,25,40.63426588,-8.66014384,4,100,0,0,0,1
15,13,26,40.63426588,-8.66014384,4,100,0,0,0,1
15,13,26,40.63426588,-8.66014384,4,100,0,0,0,1
15,13,26,40.63426588,-8.66014384,4,100,0,0,0,1
15,13,27,40.63426588,-8.66014384,4,100,0,0,0,1
15,13,27,40.63426588,-8.66014384,4,100,0,0,0,1
15,13,27,40.63426588,-8.66014384,4,100,0,0,0,1
15,13,28,40.63426588,-8.66014384,4,100,0,0,0,1
15,13,28,40.63426588,-8.66014384,4,100,0,0,0,1
15,13,28,40.63426588,-8.66014384,4,100,0,0,0,1
15,13,29,40.63426588,-8.66014384,4,100,0,0,0,1
15,13,29,40.63426588,-8.66014384,4,100,0,0,0,1
15,13,29,40.63426588,-8.66014384,4,100,0,0,0,1
15,13,30,40.63426588,-8.66014384,4,100,0,0,0,1
15,13,30,40.63426588,-8.66014384,4,100,0,0,0,1
15,13,30,40.63426588,-8.66014384,4,100,0,0,0,1
15,13,31,40.63426588,-8.66014384,4,100,0,0,0,1
15,13,31,40.63426588,-8.66014384,4,100,0,0,0,1
15,13,31,40.63426588,-8.66014384,4,100,0,0,0,1
15,13,32,40.63426588,-8.66014384,4,100,0,0,0,1
15,13,32,40.63426588,-8.66014384,4,100,0,0,0,1
15,13,32,40.63426588,-8.66014384,4,100,0,0,0,1
15,13,32,40.63426588,-8.66014384,4,100,0,0,0,1
15,13,33,40.63426588,-8.66014384,4,100,0,0,0,1
15,13,33,40.63426588,-8.66014384,4,100,0,0,0,1
15,13,34,40.63426588,-8.66014384,4,100,0,0,0,1
15,13,34,40.63426588,-8.66014384,4,100,0,0,0,1
15,13,34,40.63426588,-8.66014384,4,100,0,0,0,1
15,13,35,40.63426588,-8.66014384,4,100,0,0,0,1
15,13,35,40.63426588,-8.66014384,4,100,0,0,0,1
15,13,35,40.63426588,-8.66014384,4,100,0,0,0,1
15,13,36,40.63426588,-8.66014384,4,100,0,0,0,1
15,13,36,40.63426588,-8.66014384,4,100,0,0,0,1
15,13,36,40.63426588,-8.66014384,4,100,0,0,0,1
15,13,36,40.63426588,-8.66014384,4,100,0,0,0,1
15,13,37,40.63426588,-8.66014384,4,100,0,0,0,1
15,13,37,40.63426588,-8.66014384,4,100,0,0,0,1
15,13,38,40.63426588,-8.66014384,4,100,0,0,0,1
15,13,38,40.63426588,-8.66014384,4,100,0,0,0,1
15,13,38,40.63426588,-8.66014384,4,100,0,0,0,1
15,13,39,40.63426588,-8.66014384,4,100,0,0,0,1
15,13,39,40.63426588,-8.66014384,4,100,0,0,0,1
15,13,39,40.63426588,-8.66014384,4,100,0,0,0,1
15,13,40,40.63426588,-8.66014384,4,100,0,0,0,1
15,13,40,40.63426588,-8.66014384,4,100,0,0,0,1
15,13,40,40.63426588,-8.66014384,4,100,0,0,0,1
15,13,41,40.63426588,-8.66014384,4,100,0,0,0,1
15,13,41,40.63426588,-8.66014384,4,100,0,0,0,1
15,13,41,40.63426588,-8.66014384,4,100,0,0,0,1
15,13,42,40.63426588,-8.66014288,4,100,0,0,0,1
15,13,42,40.63426588,-8.66014384,4,100,0,0,0,1
15,13,42,40.63426588,-8.66014384,4,100,0,0,0,1
15,13,43,40.63426588,-8.66014384,4,100,0,0,0,1
15,13,43,40.63426588,-8.66014384,4,100,0,0,0,1
15,13,43,40.63426588,-8.66014384,4,100,0,0,0,1
15,13,44,40.63426588,-8.66014384,4,100,0,0,0,1
15,13,44,40.63426588,-8.66014384,4,100,0,0,0,1
15,13,44,40.63426588,-8.66014384,4,100,0,0,0,1
15,13,45,40.63426588,-8.66014384,4,100,0,0,0,1
15,13,45,40.63426588,-8.66014384,4,100,0,0,0,1
15,13,45,40.63426588,-8.66014384,4,100,0,0,0,1
15,13,46,40.63426588,-8.66014384,4,100,0,0,0,1
15,13,46,40.63426588,-8.66014384,4,100,0,0,0,1
15,13,46,40.63426588,-8.66014384,4,100,0,0,0,1
15,13,47,40.63426588,-8.66014384,4,100,0,0,0,1
15,13,47,40.63426588,-8.66014384,4,100,0,0,0,1
15,13,47,40.63426588,-8.66014384,4,100,0,0,0,1
15,13,48,40.63426588,-8.66014384,4,100,0,0,0,1
15,13,48,40.63426588,-8.66014384,4,100,0,0,0,1
15,13,48,40.63426588,-8.66014384,4,100,0,0,0,1
15,13,49,40.63426588,-8.66014384,4,100,0,0,0,1
15,13,49,40.63426588,-8.66014384,4,100,0,0,0,1
15,13,49,40.63426588,-8.66014384,4,100,0,0,0,1
15,13,50,40.63426588,-8.66014384,4,100,0,0,0,1
15,13,50,40.63426588,-8.66014384,4,100,0,0,0,1
15,13,51,40.63426588,-8.66014384,4,100,0,0,0,1
15,13,51,40.63426588,-8.66014384,4,100,0,0,0,1
15,13,51,40.63426588,-8.66014384,4,100,0,0,0,1
15,13,52,40.63426588,-8.66014384,4,100,0,0,0,1
15,13,52,40.63426588,-8.66014288,4,100,0,0,0,1
15,13,52,40.63426588,-8.66014384,4,100,0,0,0,1
15,13,52,40.63426588,-8.66014384,4,100,0,0,0,1
15,13,53,40.63426588,-8.66014288,4,100,0,0,0,1
15,13,53,40.63426588,-8.66014384,4,100,0,0,0,1
15,13,54,40.63426588,-8.66014384,4,100,0,0,0,1
15,13,54,40.63426588,-8.66014384,4,100,0,0,0,1
15,13,54,40.63426588,-8.66014384,4,100,0,0,0,1
15,13,55,40.63426588,-8.66014384,4,100,0,0,0,1
15,13,55,40.63426588,-8.66014384,4,100,0,0,0,1
15,13,55,40.63426588,-8.66014384,4,100,0,0,0,1
15,13,55,40.63426588,-8.66014384,4,100,0,0,0,1
15,13,56,40.63426588,-8.66014384,4,100,0,0,0,1
15,13,56,40.63426588,-8.66014384,4,100,0,0,0,1
15,13,57,40.63426588,-8.66014384,4,100,0,0,0,1
15,13,57,40.63426588,-8.66014384,4,100,0,0,0,1
15,13,57,40.63426588,-8.66014384,4,100,0,0,0,1
15,13,58,40.63426588,-8.66014384,4,100,0,0,0,1
15,13,58,40.63426588,-8.66014384,4,100,0,0,0,1
15,13,58,40.63426588,-8.66014384,4,100,0,0,0,1
15,13,59,40.63426588,-8.66014384,4,100,0,0,0,1
15,13,59,40.63426588,-8.66014384,4,100,0,0,0,1
15,13,59,40.63426588,-8.66014384,4,100,0,0,0,1
15,14,0,40.63426588,-8.66014384,4,100,0,0,0,1
15,14,0,40.63426588,-8.66014384,4,100,0,0,0,1
15,14,0,40.63426588,-8.66014384,4,100,0,0,0,1
15,14,1,40.63426588,-8.66014384,4,100,0,0,0,1
15,14,1,40.63426588,-8.66014384,4,100,0,0,0,1
15,14,1,40.63426588,-8.66014384,4,100,0,0,0,1
15,14,1,40.63426588,-8.66014384,4,100,0,0,0,1
15,14,2,40.63426588,-8.66014384,4,100,0,0,0,1
15,14,2,40.63426588,-8.66014384,4,100,0,0,0,1
15,14,3,40.63426588,-8.66014384,4,100,0,0,0,1
15,14,3,40.63426588,-8.66014384,4,100,0,0,0,1
15,14,3,40.63426588,-8.66014384,4,100,0,0,0,1
15,14,4,40.63426588,-8.66014384,4,100,0,0,0,1
15,14,4,40.63426588,-8.66014384,4,100,0,0,0,1
15,14,4,40.63426588,-8.66014384,4,100,0,0,0,1
15,14,5,40.63426588,-8.66014384,4,100,0,0,0,1
15,14,5,40.63426588,-8.66014384,4,100,0,0,0,1
15,14,5,40.63426588,-8.66014384,4,100,0,0,0,1
15,14,6,40.63426588,-8.66014384,4,100,0,0,0,1
15,14,6,40.63426588,-8.66014384,4,100,0,0,0,1
15,14,6,40.63426588,-8.66014384,4,100,0,0,0,1
15,14,7,40.63426588,-8.66014384,4,100,0,0,0,1
15,14,7,40.63426588,-8.66014384,4,100,0,0,0,1
15,14,7,40.63426588,-8.66014384,4,100,0,0,0,1
15,14,8,40.63426588,-8.66014384,4,100,0,0,0,1
15,14,8,40.63426588,-8.66014384,4,100,0,0,0,1
15,14,8,40.63426588,-8.66014384,4,100,0,0,0,1
15,14,9,40.63426588,-8.66014384,4,100,0,0,0,1
15,14,9,40.63426588,-8.66014384,4,100,0,0,0,1
15,14,9,40.63426588,-8.66014384,4,100,0,0,0,1
15,14,10,40.63426588,-8.66014384,4,100,0,0,0,1
15,14,10,40.63426588,-8.66014384,4,100,0,0,0,1
15,14,10,40.63426588,-8.66014384,4,100,0,0,0,1
15,14,11,40.63426588,-8.66014384,4,100,0,0,0,1
15,14,11,40.63426588,-8.66014384,4,100,0,0,0,1
15,14,11,40.63426588,-8.66014384,4,100,0,0,0,1
15,14,12,40.63426588,-8.66014384,4,100,0,0,0,1
15,14,12,40.63426588,-8.66014384,4,100,0,0,0,1
15,14,12,40.63426588,-8.66014384,4,100,0,0,0,1
15,14,13,40.63426588,-8.66014384,4,100,0,0,0,1
15,14,13,40.63426588,-8.66014384,4,100,0,0,0,1
15,14,13,40.63426588,-8.66014384,4,100,0,0,0,1
15,14,14,40.63426588,-8.66014384,4,100,0,0,0,1
15,14,14,40.63426588,-8.66014384,4,100,0,0,0,1
15,14,14,40.63426588,-8.66014384,4,100,0,0,0,1
15,14,15,40.63426588,-8.66014384,4,100,0,0,0,1
15,14,15,40.63426588,-8.66014384,4,100,0,0,0,1
15,14,15,40.63426588,-8.66014384,4,100,0,0,0,1
15,14,16,40.63426588,-8.66014384,4,100,0,0,0,1
15,14,16,40.63426588,-8.66014384,4,100,0,0,0,1
15,14,16,40.63426588,-8.66014384,4,100,0,0,0,1
15,14,17,40.63426588,-8.66014384,4,100,0,0,0,1
15,14,17,40.63426588,-8.66014384,4,100,0,0,0,1
15,14,17,40.63426588,-8.66014384,4,100,0,0,0,1
15,14,18,40.63426588,-8.66014384,4,100,0,0,0,1
15,14,18,40.63426588,-8.66014384,4,100,0,0,0,1
15,14,18,40.63426588,-8.66014384,4,100,0,0,0,1
15,14,19,40.63426588,-8.66014384,4,100,0,0,0,1
15,14,19,40.63426588,-8.66014384,4,100,0,0,0,1
15,14,19,40.63426588,-8.66014384,4,100,0,0,0,1
15,14,20,40.63426588,-8.66014384,4,100,0,0,0,1
15,14,20,40.63426588,-8.66014384,4,100,0,0,0,1
15,14,20,40.63426588,-8.66014384,4,100,0,0,0,1
15,14,21,40.63426588,-8.66014384,4,100,0,0,0,1
15,14,21,40.63426588,-8.66014384,4,100,0,0,0,1
15,14,21,40.63426588,-8.66014384,4,100,0,0,0,1
15,14,22,40.63426588,-8.66014384,4,100,0,0,0,1
15,14,22,40.63426588,-8.66014384,4,100,0,0,0,1
15,14,22,40.63426588,-8.66014384,4,100,0,0,0,1
15,14,23,40.63426588,-8.66014384,4,100,0,0,0,1
15,14,23,40.63426588,-8.66014384,4,100,0,0,0,1
15,14,23,40.63426588,-8.66014384,4,100,0,0,0,1
15,14,24,40.63426588,-8.66014384,4,100,0,0,0,1
15,14,24,40.63426588,-8.66014384,4,100,0,0,0,1
15,14,24,40.63426588,-8.66014384,4,100,0,0,0,1
15,14,25,40.63426588,-8.66014384,4,100,0,0,0,1
15,14,25,40.63426588,-8.66014384,4,100,0,0,0,1
15,14,25,40.63426588,-8.66014384,4,100,0,0,0,1
15,14,25,40.63426588,-8.66014384,4,100,0,0,0,1
15,14,26,40.63426588,-8.66014384,4,100,0,0,0,1
15,14,26,40.63426588,-8.66014384,4,100,0,0,0,1
15,14,27,40.63426588,-8.66014384,4,100,0,0,0,1
15,14,27,40.63426588,-8.66014384,4,100,0,0,0,1
15,14,27,40.63426588,-8.66014384,4,100,0,0,0,1
15,14,28,40.63426588,-8.66014384,4,100,0,0,0,1
15,14,28,40.63426588,-8.66014384,4,100,0,0,0,1
15,14,28,40.63426588,-8.66014384,4,100,0,0,0,1
15,14,29,40.63426588,-8.66014384,4,100,0,0,0,1
15,14,29,40.63426588,-8.66014384,4,100,0,0,0,1
15,14,29,40.63426588,-8.66014384,4,100,0,0,0,1
15,14,30,40.63426588,-8.66014384,4,100,0,0,0,1
15,14,30,40.63426588,-8.66014384,4,100,0,0,0,1
15,14,30,40.63426588,-8.66014384,4,100,0,0,0,1
15,14,31,40.63426588,-8.66014384,4,100,0,0,0,1
15,14,31,40.63426588,-8.66014384,4,100,0,0,0,1
15,14,31,40.63426588,-8.66014384,4,100,0,0,0,1
15,14,32,40.63426588,-8.66014384,4,100,0,0,0,1
15,14,32,40.63426588,-8.66014384,4,100,0,0,0,1
15,14,32,40.63426588,-8.66014384,4,100,0,0,0,1
15,14,33,40.63426588,-8.66014384,4,100,0,0,0,1
15,14,33,40.63426588,-8.66014384,4,100,0,0,0,1
15,14,33,40.63426588,-8.66014384,4,100,0,0,0,1
15,14,34,40.63426588,-8.66014384,4,100,0,0,0,1
15,14,34,40.63426588,-8.66014384,4,100,0,0,0,1
15,14,34,40.63426588,-8.66014384,4,100,0,0,0,1
15,14,35,40.63426588,-8.66014384,4,100,0,0,0,1
15,14,35,40.63426588,-8.66014384,4,100,0,0,0,1
15,14,35,40.63426588,-8.66014384,4,100,0,0,0,1
15,14,36,40.63426588,-8.66014384,4,100,0,0,0,1
15,14,36,40.63426588,-8.66014384,4,100,0,0,0,1
15,14,36,40.63426588,-8.66014384,4,100,0,0,0,1
15,14,37,40.63426588,-8.66014384,4,100,0,0,0,1
15,14,37,40.63426588,-8.66014384,4,100,0,0,0,1
15,14,37,40.63426588,-8.66014384,4,100,0,0,0,1
15,14,38,40.63426588,-8.66014384,4,100,0,0,0,1
15,14,38,40.63426588,-8.66014384,4,100,0,0,0,1
15,14,38,40.63426588,-8.66014384,4,100,0,0,0,1
15,14,39,40.63426588,-8.66014384,4,100,0,0,0,1
15,14,39,40.63426588,-8.66014384,4,100,0,0,0,1
15,14,39,40.63426588,-8.66014384,4,100,0,0,0,1
15,14,40,40.63426588,-8.66014384,4,100,0,0,0,1
15,14,40,40.63426588,-8.66014384,4,100,0,0,0,1
15,14,40,40.63426588,-8.66014384,4,100,0,0,0,1
15,14,41,40.63426588,-8.66014384,4,100,0,0,0,1
15,14,41,40.63426588,-8.66014384,4,100,0,0,0,1
15,14,41,40.63426588,-8.66014384,4,100,0,0,0,1
15,14,42,40.63426588,-8.66014384,4,100,0,0,0,1
15,14,42,40.63426588,-8.66014384,4,100,0,0,0,1
15,14,42,40.63426588,-8.66014384,4,100,0,0,0,1
15,14,43,40.63426588,-8.66014384,4,100,0,0,0,1
15,14,43,40.63426588,-8.66014384,4,100,0,0,0,1
15,14,43,40.63426588,-8.66014384,4,100,0,0,0,1
15,14,43,40.63426588,-8.66014384,4,100,0,0,0,1
15,14,44,40.63426588,-8.66014384,4,100,0,0,0,1
15,14,44,40.63426588,-8.66014384,4,100,0,0,0,1
15,14,45,40.63426588,-8.66014384,4,100,0,0,0,1
15,14,45,40.63426588,-8.66014384,4,100,0,0,0,1
15,14,45,40.63426588,-8.66014384,4,100,0,0,0,1
15,14,46,40.63426588,-8.66014384,4,100,0,0,0,1
15,14,46,40.63426588,-8.66014384,4,100,0,0,0,1
15,14,46,40.63426588,-8.66014384,4,100,0,0,0,1
15,14,47,40.63426588,-8.66014384,4,100,0,0,0,1
15,14,47,40.63426588,-8.66014384,4,100,0,0,0,1
15,14,47,40.63426588,-8.66014384,4,100,0,0,0,1
15,14,48,40.63426588,-8.66014384,4,100,0,0,0,1
15,14,48,40.63426588,-8.66014384,4,100,0,0,0,1
15,14,48,40.63426588,-8.66014384,4,100,0,0,0,1
15,14,49,40.63426588,-8.66014384,4,100,0,0,0,1
15,14,49,40.63426588,-8.66014384,4,100,0,0,0,1
15,14,49,40.63426588,-8.66014384,4,100,0,0,0,1
15,14,50,40.63426588,-8.66014384,4,100,0,0,0,1
15,14,50,40.63426588,-8.66014384,4,100,0,0,0,1
15,14,51,40.63426588,-8.66014384,4,100,0,0,0,1
15,14,51,40.63426588,-8.66014384,4,100,0,0,0,1
15,14,51,40.63426588,-8.66014384,4,100,0,0,0,1
15,14,52,40.63426588,-8.66014384,4,100,0,0,0,1
15,14,52,40.63426588,-8.66014384,4,100,0,0,0,1
15,14,52,40.63426588,-8.66014384,4,100,0,0,0,1
15,14,53,40.63426588,-8.66014384,4,100,0,0,0,1
15,14,53,40.63426588,-8.66014384,4,100,0,0,0,1
15,14,53,40.63426588,-8.66014384,4,100,0,0,0,1
15,14,54,40.63426588,-8.66014384,4,100,0,0,0,1
15,14,54,40.63426588,-8.66014384,4,100,0,0,0,1
15,14,54,40.63426588,-8.66014384,4,100,0,0,0,1
15,14,55,40.63426588,-8.66014384,4,100,0,0,0,1
15,14,55,40.63426588,-8.66014384,4,100,0,0,0,1
15,14,55,40.63426588,-8.66014384,4,100,0,0,0,1
15,14,56,40.63426588,-8.66014384,4,100,0,0,0,1
15,14,56,40.63426588,-8.66014384,4,100,0,0,0,1
15,14,56,40.63426588,-8.66014384,4,100,0,0,0,1
15,14,57,40.63426588,-8.66014384,4,100,0,0,0,1
15,14,57,40.63426588,-8.66014384,4,100,0,0,0,1
15,14,57,40.63426588,-8.66014384,4,100,0,0,0,1
15,14,58,40.63426588,-8.66014384,4,100,0,0,0,1
15,14,58,40.63426588,-8.66014384,4,100,0,0,0,1
15,14,58,40.63426588,-8.66014384,4,100,0,1,0,1
15,14,59,40.63426588,-8.66014384,4,100,0,1,0,1
15,14,59,40.63426588,-8.66014384,4,100,0,0,0,1
15,14,59,40.63426588,-8.66014384,4,100,0,0,0,1
15,15,0,40.63426588,-8.66014384,4,100,0,0,0,1
15,15,0,40.63426588,-8.66014384,4,100,0,0,0,1
15,15,0,40.63426588,-8.66014384,4,100,0,0,0,1
15,15,1,40.63426588,-8.66014384,4,100,0,0,0,1
15,15,1,40.63426588,-8.66014384,4,100,0,0,0,1
15,15,1,40.63426588,-8.66014384,4,100,0,0,0,1
15,15,2,40.63426588,-8.66014384,4,100,0,0,0,1
15,15,2,40.63426588,-8.66014384,4,100,0,0,0,1
15,15,2,40.63426588,-8.66014384,4,100,0,0,0,1
15,15,3,40.63426588,-8.66014384,4,100,0,0,0,1
15,15,3,40.63426588,-8.66014384,4,100,0,0,0,1
15,15,3,40.63426588,-8.66014384,4,100,0,0,0,1
15,15,4,40.63426588,-8.66014384,4,100,0,0,0,1
15,15,4,40.63426588,-8.66014384,4,100,0,0,0,1
15,15,4,40.63426588,-8.66014384,4,100,0,0,0,1
15,15,5,40.63426588,-8.66014384,4,100,0,0,0,1
15,15,5,40.63426588,-8.66014384,4,100,0,0,0,1
15,15,5,40.63426588,-8.66014384,4,100,0,0,0,1
15,15,6,40.63426588,-8.66014384,4,100,0,0,0,1
15,15,6,40.63426588,-8.66014384,4,100,0,0,0,1
15,15,6,40.63426588,-8.66014384,4,100,0,0,0,1
15,15,7,40.63426588,-8.66014384,4,100,0,0,0,1
15,15,7,40.63426588,-8.66014384,4,100,0,0,0,1
15,15,7,40.63426588,-8.66014384,4,100,0,0,0,1
15,15,8,40.63426588,-8.66014384,4,100,0,0,0,1
15,15,8,40.63426588,-8.66014384,4,100,0,0,0,1
15,15,8,40.63426588,-8.66014384,4,100,0,0,0,1
15,15,9,40.63426588,-8.66014384,4,100,0,0,0,1
15,15,9,40.63426588,-8.66014384,4,100,0,0,0,1
15,15,9,40.63426588,-8.66014384,4,100,0,0,0,1
15,15,10,40.63426588,-8.66014384,4,100,0,0,0,1
15,15,10,40.63426588,-8.66014384,4,100,0,0,0,1
15,15,10,40.63426588,-8.66014384,4,100,0,0,0,1
15,15,11,40.63426588,-8.66014384,4,100,0,0,0,1
15,15,11,40.63426588,-8.66014384,4,100,0,0,0,1
15,15,11,40.63426588,-8.66014384,4,100,0,0,0,1
15,15,12,40.63426588,-8.66014384,4,100,0,0,0,1
15,15,12,40.63426588,-8.66014384,4,100,0,0,0,1
15,15,12,40.63426588,-8.66014384,4,100,0,0,0,1
15,15,13,40.63426588,-8.66014384,4,100,0,0,0,1
15,15,13,40.63426588,-8.66014384,4,100,0,0,0,1
15,15,13,40.63426588,-8.66014384,4,100,0,0,0,1
15,15,14,40.63426588,-8.66014384,4,100,0,0,0,1
15,15,14,40.63426588,-8.66014384,4,100,0,0,0,1
15,15,14,40.63426588,-8.66014384,4,100,0,0,0,1
15,15,15,40.63426588,-8.66014384,4,100,0,0,0,1
15,15,15,40.63426588,-8.66014384,4,100,0,0,0,1
15,15,15,40.63426588,-8.66014384,4,100,0,0,0,1
15,15,16,40.63426588,-8.66014384,4,100,0,0,0,1
15,15,16,40.63426588,-8.66014384,4,100,0,0,0,1
15,15,16,40.63426588,-8.66014384,4,100,0,0,0,1
15,15,16,40.63426588,-8.66014384,4,100,0,0,0,1
15,15,17,40.63426588,-8.66014384,4,100,0,0,0,1
15,15,17,40.63426588,-8.66014384,4,100,0,0,0,1
15,15,18,40.63426588,-8.66014384,4,100,0,0,0,1
15,15,18,40.63426588,-8.66014384,4,100,0,0,0,1
15,15,18,40.63426588,-8.66014384,4,100,0,0,0,1
15,15,19,40.63426588,-8.66014384,4,100,0,0,0,1
15,15,19,40.63426588,-8.66014384,4,100,0,0,0,1
15,15,19,40.63426588,-8.66014384,4,100,0,0,0,1
15,15,20,40.63426588,-8.66014384,4,100,0,0,0,1
15,15,20,40.63426588,-8.66014384,4,100,0,0,0,1
15,15,20,40.63426588,-8.66014384,4,100,0,0,0,1
15,15,21,40.63426588,-8.66014384,4,100,0,0,0,1
15,15,21,40.63426588,-8.66014384,4,100,0,0,0,1
15,15,21,40.63426588,-8.66014384,4,100,0,0,0,1
15,15,22,40.63426588,-8.66014384,4,100,0,0,0,1
15,15,22,40.63426588,-8.66014384,4,100,0,0,0,1
15,15,22,40.63426588,-8.66014384,4,100,0,0,0,1
15,15,23,40.63426588,-8.66014384,4,100,0,0,0,1
15,15,23,40.63426588,-8.66014384,4,100,0,0,0,1
15,15,23,40.63426588,-8.66014384,4,100,0,0,0,1
15,15,24,40.63426588,-8.66014384,4,100,0,0,0,1
15,15,24,40.63426588,-8.66014384,4,100,0,0,0,1
15,15,24,40.63426588,-8.66014384,4,100,0,0,0,1
15,15,25,40.63426588,-8.66014384,4,100,0,0,0,1
15,15,25,40.63426588,-8.66014384,4,100,0,0,0,1
15,15,25,40.63426588,-8.66014384,4,100,0,0,0,1
15,15,26,40.63426588,-8.66014384,4,100,0,0,0,1
15,15,26,40.63426588,-8.66014384,4,100,0,0,0,1
15,15,26,40.63426588,-8.66014384,4,100,0,0,0,1
15,15,27,40.63426588,-8.66014384,4,100,0,0,0,1
15,15,27,40.63426588,-8.66014384,4,100,0,0,0,1
15,15,27,40.63426588,-8.66014384,4,100,0,0,0,1
15,15,28,40.63426588,-8.66014384,4,100,0,0,0,1
15,15,28,40.63426588,-8.66014384,4,100,0,0,0,1
15,15,28,40.63426588,-8.66014384,4,100,0,0,0,1
15,15,29,40.63426588,-8.66014384,4,100,0,0,0,1
15,15,29,40.63426588,-8.66014384,4,100,0,0,0,1
15,15,29,40.63426588,-8.66014384,4,100,0,0,0,1
15,15,30,40.63426588,-8.66014384,4,100,0,0,0,1
15,15,30,40.63426588,-8.66014384,4,100,0,0,0,1
15,15,30,40.63426588,-8.66014384,4,100,0,0,0,1
15,15,31,40.63426588,-8.66014384,4,100,0,0,0,1
15,15,31,40.63426588,-8.66014384,4,100,0,0,0,1
15,15,31,40.63426588,-8.66014384,4,100,0,0,0,1
15,15,32,40.63426588,-8.66014384,4,100,0,0,0,1
15,15,32,40.63426588,-8.66014384,4,100,0,0,0,1
15,15,32,40.63426588,-8.66014384,4,100,0,0,0,1
15,15,33,40.63426588,-8.66014384,4,100,0,0,0,1
15,15,33,40.63426588,-8.66014384,4,100,0,0,0,1
15,15,33,40.63426588,-8.66014384,4,100,0,0,0,1
15,15,34,40.63426588,-8.66014384,4,100,0,0,0,1
15,15,34,40.63426588,-8.66014384,4,100,0,0,0,1
15,15,34,40.63426588,-8.66014384,4,100,0,0,0,1
15,15,34,40.63426588,-8.66014384,4,100,0,0,0,1
15,15,35,40.63426588,-8.66014384,4,100,0,0,0,1
15,15,35,40.63426588,-8.66014384,4,100,0,0,0,1
15,15,36,40.63426588,-8.66014384,4,100,0,0,0,1
15,15,36,40.63426588,-8.66014384,4,100,0,0,0,1
15,15,36,40.63426588,-8.66014384,4,100,0,0,0,1
15,15,37,40.63426588,-8.66014384,4,100,0,0,0,1
15,15,37,40.63426588,-8.66014384,4,100,0,0,0,1
15,15,37,40.63426588,-8.66014384,4,100,0,0,0,1
15,15,37,40.63426588,-8.66014384,4,100,0,0,0,1
15,15,38,40.63426588,-8.66014384,4,100,0,0,0,1
15,15,38,40.63426588,-8.66014384,4,100,0,0,0,1
15,15,39,40.63426588,-8.66014384,4,100,0,0,0,1
15,15,39,40.63426588,-8.66014384,4,100,0,0,0,1
15,15,39,40.63426588,-8.66014384,4,100,0,0,0,1
15,15,40,40.63426588,-8.66014384,4,100,0,0,0,1
15,15,40,40.63426588,-8.66014384,4,100,0,0,0,1
15,15,40,40.63426588,-8.66014384,4,100,0,0,0,1
15,15,41,40.63426588,-8.66014384,4,100,0,0,0,1
15,15,41,40.63426588,-8.66014384,4,100,0,0,0,1
15,15,41,40.63426588,-8.66014384,4,100,0,0,0,1
15,15,42,40.63426588,-8.66014384,4,100,0,0,0,1
15,15,42,40.63426588,-8.66014384,4,100,0,0,0,1
15,15,42,40.63426588,-8.66014384,4,100,0,0,0,1
15,15,43,40.63426588,-8.66014384,4,100,0,0,0,1
15,15,43,40.63426588,-8.66014384,4,100,0,0,0,1
15,15,43,40.63426588,-8.66014384,4,100,0,0,0,1
15,15,44,40.63426588,-8.66014384,4,100,0,0,0,1
15,15,44,40.63426588,-8.66014384,4,100,0,0,0,1
15,15,44,40.63426588,-8.66014384,4,100,0,0,0,1
15,15,45,40.63426588,-8.66014384,4,100,0,0,0,1
15,15,45,40.63426588,-8.66014384,4,100,0,0,0,1
15,15,45,40.63426588,-8.66014384,4,100,0,0,0,1
15,15,46,40.63426588,-8.66014384,4,100,0,0,0,1
15,15,46,40.63426588,-8.66014384,4,100,0,0,0,1
15,15,46,40.63426588,-8.66014384,4,100,0,0,0,1
15,15,47,40.63426588,-8.66014384,4,100,0,0,0,1
15,15,47,40.63426588,-8.66014384,4,100,0,0,0,1
15,15,47,40.63426588,-8.66014384,4,100,0,0,0,1
15,15,48,40.63426588,-8.66014384,4,100,0,0,0,1
15,15,48,40.63426588,-8.66014384,4,100,0,0,0,1
15,15,48,40.63426588,-8.66014384,4,100,0,0,0,1
15,15,49,40.63426588,-8.66014384,4,100,0,0,0,1
15,15,49,40.63426588,-8.66014384,4,100,0,0,0,1
15,15,49,40.63426588,-8.66014384,4,100,0,0,0,1
15,15,50,40.63426588,-8.66014384,4,100,0,0,0,1
15,15,50,40.63426588,-8.66014384,4,100,0,0,0,1
15,15,50,40.63426588,-8.66014384,4,100,0,0,0,1
15,15,51,40.63426588,-8.66014384,4,100,0,0,0,1
15,15,51,40.63426588,-8.66014384,4,100,0,0,0,1
15,15,51,40.63426588,-8.66014384,4,100,0,0,0,1
15,15,52,40.63426588,-8.66014384,4,100,0,0,0,1
15,15,52,40.63426588,-8.66014384,4,100,0,0,0,1
15,15,52,40.63426588,-8.66014384,4,100,0,0,0,1
15,15,53,40.63426588,-8.66014384,4,100,0,0,0,1
15,15,53,40.63426588,-8.66014384,4,100,0,0,0,1
15,15,53,40.63426588,-8.66014384,4,100,0,0,0,1
15,15,54,40.63426588,-8.66014384,4,100,0,0,0,1
15,15,54,40.63426588,-8.66014384,4,100,0,0,0,1
15,15,54,40.63426588,-8.66014384,4,100,0,0,0,1
15,15,55,40.63426588,-8.66014384,4,100,0,0,0,1
15,15,55,40.63426588,-8.66014384,4,100,0,0,0,1
15,15,55,40.63426588,-8.66014384,4,100,0,0,0,1
15,15,56,40.63426588,-8.66014384,4,100,0,0,0,1
15,15,56,40.63426588,-8.66014384,4,100,0,0,0,1
15,15,56,40.63426588,-8.66014384,4,100,0,0,0,1
15,15,57,40.63426588,-8.66014384,4,100,0,0,0,1
15,15,57,40.63426588,-8.66014384,4,100,0,0,0,1
15,15,57,40.63426588,-8.66014384,4,100,0,0,0,1
15,15,58,40.63426588,-8.66014384,4,100,0,0,0,1
15,15,58,40.63426588,-8.66014384,4,100,0,0,0,1
15,15,58,40.63426588,-8.66014384,4,89,0,0,0,1
15,15,59,40.63426588,-8.66014384,4,100,0,0,0,1
15,15,59,40.63426588,-8.66014384,4,100,0,0,0,1
15,15,59,40.63426588,-8.66014384,4,100,0,0,0,1
15,16,0,40.63426588,-8.66014384,4,100,0,0,0,1
15,16,0,40.63426588,-8.66014384,4,100,0,0,0,1
15,16,0,40.63426588,-8.66014384,4,100,0,0,0,1
15,16,1,40.63426588,-8.66014384,4,100,0,0,0,1
15,16,1,40.63426588,-8.66014384,4,100,0,0,0,1
15,16,1,40.63426588,-8.66014384,4,100,0,0,0,1
15,16,1,40.63426588,-8.66014384,4,100,0,0,0,1
15,16,2,40.63426588,-8.66014384,4,100,0,0,0,1
15,16,2,40.63426588,-8.66014288,4,100,0,0,0,1
15,16,3,40.63426588,-8.66014384,4,100,0,0,0,1
15,16,3,40.63426588,-8.66014384,4,100,0,0,0,1
15,16,3,40.63426588,-8.66014384,4,100,0,0,0,1
15,16,4,40.63426588,-8.66014384,4,100,0,0,0,1
15,16,4,40.63426588,-8.66014384,4,100,0,0,0,1
15,16,4,40.63426588,-8.66014384,4,100,0,0,0,1
15,16,5,40.63426588,-8.66014288,4,100,0,0,0,1
15,16,5,40.63426588,-8.66014384,4,100,0,0,0,1
15,16,5,40.63426588,-8.66014384,4,100,0,0,0,1
15,16,6,40.63426588,-8.66014384,4,100,0,0,0,1
15,16,6,40.63426588,-8.66014384,4,100,0,0,0,1
15,16,6,40.63426588,-8.66014384,4,100,0,0,0,1
15,16,7,40.63426588,-8.66014384,4,100,0,0,0,1
15,16,7,40.63426588,-8.66014288,4,100,0,0,0,1
15,16,7,40.63426588,-8.66014384,4,100,0,0,0,1
15,16,8,40.63426588,-8.66014384,4,100,0,0,0,1
15,16,8,40.63426588,-8.66014384,4,100,0,0,0,1
15,16,8,40.63426588,-8.66014384,4,100,0,0,0,1
15,16,9,40.63426588,-8.66014384,4,100,0,0,0,1
15,16,9,40.63426588,-8.66014384,4,100,0,0,0,1
15,16,9,40.63426588,-8.66014384,4,100,0,0,0,1
15,16,10,40.63426588,-8.66014384,4,100,0,0,0,1
15,16,10,40.63426588,-8.66014384,4,100,0,0,0,1
15,16,10,40.63426588,-8.66014384,4,100,0,0,0,1
15,16,11,40.63426588,-8.66014384,4,100,0,0,0,1
15,16,11,40.63426588,-8.66014384,4,100,0,0,0,1
15,16,11,40.63426588,-8.66014384,4,100,0,0,0,1
15,16,12,40.63426588,-8.66014384,4,100,0,0,0,1
15,16,12,40.63426588,-8.66014384,4,100,0,0,0,1
15,16,12,40.63426588,-8.66014384,4,100,0,0,0,1
15,16,13,40.63426588,-8.66014384,4,100,0,0,0,1
15,16,13,40.63426588,-8.66014384,4,100,0,0,0,1
15,16,13,40.63426588,-8.66014384,4,100,0,0,0,1
15,16,14,40.63426588,-8.66014384,4,100,0,0,0,1
15,16,14,40.63426588,-8.66014384,4,100,0,0,0,1
15,16,14,40.63426588,-8.66014384,4,100,0,0,0,1
15,16,15,40.63426588,-8.66014384,4,100,0,0,0,1
15,16,15,40.63426588,-8.66014384,4,100,0,0,0,1
15,16,15,40.63426588,-8.66014384,4,100,0,0,0,1
15,16,16,40.63426588,-8.66014384,4,100,0,0,0,1
15,16,16,40.63426588,-8.66014384,4,91,0,0,0,1
15,16,16,40.63426588,-8.66014384,4,91,0,0,0,1
15,16,17,40.63426588,-8.66014384,4,100,0,0,0,1
15,16,17,40.63426588,-8.66014384,4,100,0,0,0,1
15,16,17,40.63426588,-8.66014384,4,100,0,0,0,1
15,16,18,40.63426588,-8.66014384,4,100,0,0,0,1
15,16,18,40.63426588,-8.66014384,4,100,0,0,0,1
15,16,18,40.63426588,-8.66014384,4,100,0,0,0,1
15,16,19,40.63426588,-8.66014384,4,100,0,0,0,1
15,16,19,40.63426588,-8.66014384,4,100,0,0,0,1
15,16,19,40.63426588,-8.66014384,4,100,0,0,0,1
15,16,20,40.63426588,-8.66014384,4,100,0,0,0,1
15,16,20,40.63426588,-8.66014384,4,100,0,0,0,1
15,16,20,40.63426588,-8.66014384,4,100,0,0,0,1
15,16,21,40.63426588,-8.66014384,4,100,0,0,0,1
15,16,21,40.63426588,-8.66014384,4,100,0,0,0,1
15,16,21,40.63426588,-8.66014384,4,100,0,0,0,1
15,16,21,40.63426588,-8.66014384,4,100,0,0,0,1
15,16,22,40.63426588,-8.66014384,4,100,0,0,0,1
15,16,22,40.63426588,-8.66014384,4,100,0,0,0,1
15,16,23,40.63426588,-8.66014384,4,100,0,0,0,1
15,16,23,40.63426588,-8.66014384,4,100,0,0,0,1
15,16,23,40.63426588,-8.66014384,4,100,0,0,0,1
15,16,24,40.63426588,-8.66014384,4,100,0,0,0,1
15,16,24,40.63426588,-8.66014384,4,100,0,0,0,1
15,16,24,40.63426588,-8.66014384,4,100,0,0,0,1
15,16,25,40.63426588,-8.66014384,4,100,0,0,0,1
15,16,25,40.63426588,-8.66014384,4,100,0,0,0,1
15,16,25,40.63426588,-8.66014384,4,100,0,0,0,1
15,16,25,40.63426588,-8.66014384,4,100,0,0,0,1
15,16,26,40.63426588,-8.66014384,4,100,0,0,0,1
15,16,26,40.63426588,-8.66014384,4,100,0,0,0,1
15,16,27,40.63426588,-8.66014384,4,100,0,0,0,1
15,16,27,40.63426588,-8.66014384,4,100,0,0,0,1
15,16,27,40.63426588,-8.66014384,4,100,0,0,0,1
15,16,28,40.63426588,-8.66014384,4,100,0,0,0,1
15,16,28,40.63426588,-8.66014384,4,100,0,0,0,1
15,16,28,40.63426588,-8.66014384,4,100,0,0,0,1
15,16,29,40.63426588,-8.66014384,4,100,0,0,0,1
15,16,29,40.63426588,-8.66014384,4,100,0,0,0,1
15,16,29,40.63426588,-8.66014384,4,100,0,0,0,1
15,16,30,40.63426588,-8.66014384,4,100,0,0,0,1
15,16,30,40.63426588,-8.66014384,4,100,0,0,0,1
15,16,30,40.63426588,-8.66014384,4,100,0,0,0,1
15,16,31,40.63426588,-8.66014384,4,100,0,0,0,1
