16,55,8,40.63421632,-8.65975284,2,0,0,0,0,1
16,55,8,40.63421632,-8.65975284,2,0,0,0,0,1
16,55,9,40.63421632,-8.65975284,2,0,0,0,0,1
16,55,9,40.63421632,-8.65975284,2,0,0,0,0,1
16,55,9,40.63421632,-8.65975092,2,0,0,0,0,1
16,55,10,40.63421632,-8.65975092,2,0,0,0,0,1
16,55,10,40.63421632,-8.65975092,2,0,0,0,0,1
16,55,10,40.63421632,-8.65975092,2,0,0,0,0,1
16,55,11,40.63421632,-8.65975092,2,0,0,0,0,1
16,55,11,40.63419724,-8.65969564,5,29,0,0,0,1
16,55,11,40.63419724,-8.65970040,5,29,0,0,0,1
16,55,12,40.63419724,-8.65970040,5,29,0,0,0,1
16,55,12,40.63420104,-8.65970136,5,29,0,0,0,1
16,55,12,40.63420104,-8.65970420,5,29,0,0,0,1
16,55,13,40.63420104,-8.65970420,5,29,0,0,0,1
16,55,13,40.63420868,-8.65970516,5,29,0,0,0,1
16,55,13,40.63420868,-8.65970804,5,29,0,0,0,1
16,55,14,40.63420868,-8.65970804,5,14,0,0,0,1
16,55,14,40.63421248,-8.65971088,5,14,0,0,0,1
16,55,14,40.63421248,-8.65971184,5,14,0,0,0,1
16,55,15,40.63421248,-8.65971184,5,14,0,0,0,1
16,55,15,40.63421632,-8.65971280,5,13,0,0,0,1
16,55,15,40.63421632,-8.65971468,5,13,0,0,0,1
16,55,16,40.63421632,-8.65971468,5,13,0,0,0,1
16,55,16,40.63421632,-8.65971564,5,12,0,0,0,1
16,55,16,40.63421632,-8.65971660,5,12,0,0,0,1
16,55,17,40.63421632,-8.65971660,5,10,0,0,0,1
16,55,17,40.63422392,-8.65971660,5,11,0,0,0,1
16,55,17,40.63422392,-8.65971852,5,11,0,0,0,1
16,55,18,40.63422392,-8.65971852,5,11,0,0,0,1
16,55,18,40.63422392,-8.65971852,5,13,0,0,0,1
16,55,18,40.63422392,-8.65971948,5,13,0,0,0,1
16,55,19,40.63422392,-8.65971948,5,14,0,0,0,1
16,55,19,40.63422392,-8.65971948,5,14,0,0,0,1
16,55,19,40.63422392,-8.65971948,5,15,0,0,0,1
16,55,20,40.63422392,-8.65971948,5,16,0,0,0,1
16,55,20,40.63422392,-8.65971948,5,16,0,0,0,1
16,55,20,40.63422392,-8.65971948,5,16,0,0,0,1
16,55,21,40.63422392,-8.65971948,5,16,0,0,0,1
16,55,21,40.63422776,-8.65972044,5,16,0,0,0,1
16,55,21,40.63422776,-8.65972232,5,16,0,0,0,1
16,55,22,40.63422776,-8.65972232,5,16,0,0,0,1
16,55,22,40.63422776,-8.65972424,5,15,0,0,0,1
16,55,22,40.63422776,-8.65972424,5,15,0,0,0,1
16,55,23,40.63422776,-8.65972424,5,12,0,0,0,1
16,55,23,40.63422776,-8.65972424,5,12,0,0,0,1
16,55,23,40.63422776,-8.65972520,5,12,0,0,0,1
16,55,24,40.63422776,-8.65972520,5,12,0,0,0,1
16,55,24,40.63422776,-8.65972616,5,12,0,0,0,1
16,55,24,40.63422776,-8.65972804,5,12,0,0,0,1
16,55,25,40.63422776,-8.65972804,5,11,0,0,0,1
16,55,25,40.63422776,-8.65972900,5,11,0,0,0,1
16,55,25,40.63422776,-8.65972900,5,11,0,0,0,1
16,55,26,40.63422776,-8.65972900,5,12,0,1,0,1
16,55,26,40.63422776,-8.65972900,5,12,0,0,0,1
16,55,26,40.63422776,-8.65972900,5,12,0,0,0,1
16,55,27,40.63422776,-8.65972900,5,10,0,0,0,1
16,55,27,40.63422776,-8.65972900,5,10,0,0,0,1
16,55,27,40.63422776,-8.65972996,5,10,0,0,0,1
16,55,28,40.63422776,-8.65972996,5,12,0,0,0,1
16,55,28,40.63422776,-8.65972996,5,12,0,0,0,1
16,55,28,40.63422776,-8.65972900,5,12,0,0,0,1
16,55,29,40.63422776,-8.65972900,5,12,0,0,0,1
16,55,29,40.63422776,-8.65972900,5,14,0,0,0,1
16,55,29,40.63422776,-8.65972900,5,13,0,0,0,1
16,55,30,40.63422776,-8.65972900,5,12,0,0,0,1
16,55,30,40.63422776,-8.65972900,5,12,0,0,0,1
16,55,30,40.63422776,-8.65972900,5,12,0,0,0,1
16,55,31,40.63422776,-8.65972900,5,12,0,0,0,1
16,55,31,40.63422776,-8.65972804,5,12,0,0,0,1
16,55,31,40.63422776,-8.65972804,5,12,0,0,0,1
16,55,32,40.63422776,-8.65972804,5,12,0,0,0,1
16,55,32,40.63422776,-8.65972804,5,12,0,0,0,1
16,55,32,40.63422776,-8.65972804,5,12,0,0,0,1
16,55,33,40.63422776,-8.65972804,5,12,0,0,0,1
16,55,33,40.63422776,-8.65972616,5,12,0,0,0,1
16,55,33,40.63422776,-8.65972616,5,12,0,0,0,1
16,55,34,40.63422776,-8.65972616,5,12,0,0,0,1
16,55,34,40.63422776,-8.65972520,5,12,0,0,0,1
16,55,34,40.63422776,-8.65972520,5,12,0,0,0,1
16,55,35,40.63422776,-8.65972520,5,12,0,0,0,1
16,55,35,40.63422776,-8.65972424,5,12,0,0,0,1
16,55,35,40.63422776,-8.65972424,5,12,0,0,0,1
16,55,36,40.63422776,-8.65972424,5,21,0,0,0,1
16,55,36,40.63422776,-8.65972424,5,21,0,0,0,1
16,55,36,40.63422776,-8.65972424,5,21,0,0,0,1
16,55,37,40.63422776,-8.65972424,5,22,0,0,0,1
16,55,37,40.63422392,-8.65972424,5,22,0,0,0,1
16,55,37,40.63422392,-8.65972424,5,22,0,0,0,1
16,55,38,40.63422392,-8.65972232,5,23,0,0,0,1
16,55,38,40.63422392,-8.65972232,5,23,0,0,0,1
16,55,38,40.63422392,-8.65972232,5,23,0,0,0,1
16,55,39,40.63422392,-8.65972044,5,23,0,0,0,1
16,55,39,40.63422392,-8.65972044,5,23,0,0,0,1
16,55,39,40.63422392,-8.65972044,5,23,0,0,0,1
16,55,40,40.63422392,-8.65972044,5,24,0,0,0,1
16,55,40,40.63422392,-8.65971948,5,24,0,0,0,1
16,55,40,40.63422392,-8.65971948,5,24,0,0,0,1
16,55,41,40.63422392,-8.65971948,5,23,0,0,0,1
16,55,41,40.63422392,-8.65971948,5,23,0,0,0,1
16,55,41,40.63422392,-8.65971948,5,23,0,0,0,1
16,55,41,40.63422392,-8.65971948,5,15,0,0,0,1
16,55,42,40.63421632,-8.65971948,5,15,0,0,0,1
16,55,42,40.63421632,-8.65971948,5,13,0,0,0,1
16,55,43,40.63421632,-8.65972044,5,13,0,0,0,1
16,55,43,40.63421632,-8.65971948,5,13,0,0,0,1
16,55,43,40.63421632,-8.65971948,5,13,0,0,0,1
16,55,44,40.63421632,-8.65972044,5,13,0,0,0,1
16,55,44,40.63421632,-8.65972044,5,13,0,0,0,1
16,55,44,40.63421632,-8.65972044,5,13,0,0,0,1
16,55,45,40.63421632,-8.65972232,5,13,0,0,0,1
16,55,45,40.63421632,-8.65972232,5,10,0,0,0,1
16,55,45,40.63421632,-8.65972232,5,10,0,0,0,1
16,55,45,40.63421632,-8.65972232,5,10,0,0,0,1
16,55,46,40.63421632,-8.65972232,5,10,0,0,0,1
16,55,46,40.63421632,-8.65972232,5,10,0,0,0,1
16,55,46,40.63421632,-8.65972424,5,10,0,0,0,1
16,55,47,40.63421632,-8.65972232,5,10,0,0,0,1
16,55,47,40.63421632,-8.65972232,5,10,0,0,0,1
16,55,47,40.63421632,-8.65972424,5,10,0,0,0,1
16,55,48,40.63421632,-8.65972424,5,10,0,0,0,1
16,55,48,40.63421632,-8.65972424,5,10,0,0,0,1
16,55,48,40.63421632,-8.65972424,5,10,0,1,0,1
16,55,49,40.63421632,-8.65972424,5,10,0,0,0,1
16,55,49,40.63421632,-8.65972424,5,10,0,0,0,1
16,55,49,40.63421632,-8.65972424,5,10,0,0,0,1
16,55,50,40.63421632,-8.65972424,5,10,0,0,0,1
16,55,50,40.63421632,-8.65972424,5,10,0,0,0,1
16,55,50,40.63421632,-8.65972424,5,10,0,0,0,1
16,55,51,40.63421632,-8.65972424,5,10,0,0,0,1
16,55,51,40.63421632,-8.65972424,5,10,0,0,0,1
16,55,51,40.63421632,-8.65972424,5,10,0,0,0,1
16,55,52,40.63421632,-8.65972424,5,10,0,0,0,1
16,55,52,40.63421632,-8.65972424,5,10,0,0,0,1
16,55,52,40.63421632,-8.65972520,5,10,0,0,0,1
16,55,53,40.63421632,-8.65972424,5,10,0,0,0,1
16,55,53,40.63421632,-8.65972424,5,10,0,0,0,1
16,55,53,40.63421632,-8.65972520,5,11,0,0,0,1
16,55,54,40.63421632,-8.65972520,5,11,0,0,0,1
16,55,54,40.63421632,-8.65972520,5,11,0,0,0,1
16,55,54,40.63421632,-8.65972520,5,11,0,0,0,1
16,55,55,40.63421632,-8.65972520,5,11,0,0,0,1
16,55,55,40.63421632,-8.65972520,5,11,0,0,0,1
16,55,55,40.63421632,-8.65972520,5,11,0,0,0,1
16,55,56,40.63421632,-8.65972520,5,11,0,0,0,1
16,55,56,40.63421632,-8.65972520,5,11,0,0,0,1
16,55,56,40.63421632,-8.65972520,5,11,0,0,0,1
16,55,57,40.63421632,-8.65972520,5,11,0,0,0,1
16,55,57,40.63421632,-8.65972520,5,11,0,0,0,1
16,55,57,40.63421632,-8.65972520,5,11,0,0,0,1
16,55,58,40.63421632,-8.65972520,5,11,0,0,0,1
16,55,58,40.63421632,-8.65972520,5,11,0,0,0,1
16,55,58,40.63421632,-8.65972520,5,11,0,0,0,1
16,55,59,40.63421632,-8.65972616,5,11,0,0,0,1
16,55,59,40.63421632,-8.65972616,5,11,0,0,0,1
16,55,59,40.63421632,-8.65972520,5,11,0,0,0,1
16,56,0,40.63421632,-8.65972616,5,13,0,0,0,1
16,56,0,40.63421632,-8.65972616,5,13,0,0,0,1
16,56,0,40.63421632,-8.65972520,5,13,0,0,0,1
16,56,1,40.63421632,-8.65972520,5,13,0,0,0,1
16,56,1,40.63421632,-8.65972520,5,13,0,0,0,1
16,56,1,40.63421632,-8.65972520,5,13,0,0,0,1
16,56,2,40.63421632,-8.65972520,5,11,0,0,0,1
16,56,2,40.63421632,-8.65972520,5,11,0,0,0,1
16,56,2,40.63421632,-8.65972520,5,11,0,0,0,1
16,56,3,40.63421632,-8.65972520,5,11,0,0,0,1
16,56,3,40.63421632,-8.65972520,5,11,0,0,0,1
16,56,3,40.63421632,-8.65972520,5,10,0,0,0,1
16,56,4,40.63421632,-8.65972520,5,10,0,0,0,1
16,56,4,40.63421632,-8.65972520,5,10,0,0,0,1
16,56,4,40.63421632,-8.65972520,5,10,0,0,0,1
16,56,5,40.63421632,-8.65972520,5,10,0,0,0,1
16,56,5,40.63421632,-8.65972520,5,10,0,0,0,1
16,56,5,40.63421632,-8.65972616,5,10,0,0,0,1
16,56,6,40.63421632,-8.65972520,5,10,0,0,0,1
16,56,6,40.63421632,-8.65972520,5,10,0,0,0,1
16,56,6,40.63421632,-8.65972616,5,10,0,0,0,1
16,56,7,40.63421632,-8.65972520,5,10,0,0,0,1
16,56,7,40.63421632,-8.65972520,5,10,0,0,0,1
16,56,7,40.63421632,-8.65972616,5,10,0,0,0,1
16,56,8,40.63421632,-8.65972616,5,10,0,0,0,1
16,56,8,40.63421632,-8.65972616,5,10,0,0,0,1
16,56,8,40.63421632,-8.65972616,5,10,0,0,0,1
16,56,9,40.63421632,-8.65972616,5,10,0,0,0,1
16,56,9,40.63421632,-8.65972616,5,10,0,0,0,1
16,56,9,40.63421632,-8.65972804,5,10,0,0,0,1
16,56,10,40.63421632,-8.65972616,5,10,0,0,0,1
16,56,10,40.63421632,-8.65972616,5,16,0,0,0,1
16,56,10,40.63421632,-8.65972804,5,17,0,0,0,1
16,56,11,40.63421632,-8.65972804,5,17,0,0,0,1
16,56,11,40.63421632,-8.65972804,5,17,0,0,0,1
16,56,11,40.63421632,-8.65972900,5,17,0,0,0,1
16,56,12,40.63421632,-8.65972900,5,17,0,0,0,1
16,56,12,40.63421632,-8.65972900,5,17,0,0,0,1
16,56,12,40.63421632,-8.65972900,5,17,0,0,0,1
16,56,13,40.63421632,-8.65972900,5,17,0,0,0,1
16,56,13,40.63421632,-8.65972900,5,17,0,0,0,1
16,56,13,40.63421632,-8.65972900,5,17,0,0,0,1
16,56,14,40.63421632,-8.65972900,5,10,0,0,0,1
16,56,14,40.63421632,-8.65972900,5,10,0,0,0,1
16,56,14,40.63421632,-8.65972900,5,11,0,0,0,1
16,56,15,40.63421632,-8.65972900,5,11,0,0,0,1
16,56,15,40.63421632,-8.65972900,5,11,0,0,0,1
16,56,15,40.63421632,-8.65972996,5,10,0,0,0,1
16,56,16,40.63421632,-8.65972996,5,10,0,0,0,1
16,56,16,40.63421632,-8.65972996,5,10,0,0,0,1
16,56,16,40.63421632,-8.65972996,5,10,0,0,0,1
16,56,17,40.63421632,-8.65972996,5,10,0,0,0,1
16,56,17,40.63421632,-8.65972996,5,10,0,0,0,1
16,56,17,40.63421632,-8.65972996,5,10,0,0,0,1
16,56,18,40.63422392,-8.65972996,5,10,0,0,0,1
16,56,18,40.63422392,-8.65972996,5,10,0,0,0,1
16,56,18,40.63421632,-8.65972996,5,10,0,0,0,1
16,56,19,40.63421632,-8.65972996,5,10,0,0,0,1
16,56,19,40.63421632,-8.65972996,5,10,0,0,0,1
16,56,19,40.63422392,-8.65972996,5,10,0,0,0,1
16,56,20,40.63421632,-8.65972996,5,10,0,0,0,1
16,56,20,40.63421632,-8.65972996,5,10,0,0,0,1
16,56,20,40.63422392,-8.65973092,5,10,0,0,0,1
16,56,21,40.63422392,-8.65972996,5,10,0,0,0,1
16,56,21,40.63422392,-8.65972996,5,10,0,0,0,1
16,56,21,40.63421632,-8.65972996,5,10,0,0,0,1
16,56,22,40.63422392,-8.65972996,5,10,0,0,0,1
16,56,22,40.63422392,-8.65972996,5,10,0,0,0,1
16,56,22,40.63421632,-8.65972996,5,10,0,0,0,1
16,56,23,40.63422392,-8.65972996,5,10,0,0,0,1
16,56,23,40.63422392,-8.65972996,5,10,0,0,0,1
16,56,23,40.63422392,-8.65973092,5,10,0,0,0,1
16,56,24,40.63422392,-8.65972996,5,10,0,0,0,1
16,56,24,40.63422392,-8.65972996,5,10,0,0,0,1
16,56,24,40.63421632,-8.65972996,5,10,0,0,0,1
16,56,25,40.63422392,-8.65972996,5,10,0,0,0,1
16,56,25,40.63422392,-8.65972996,5,10,0,0,0,1
16,56,25,40.63421632,-8.65972996,5,10,0,0,0,1
16,56,26,40.63422392,-8.65972996,5,10,0,0,0,1
16,56,26,40.63422392,-8.65972996,5,10,0,0,0,1
16,56,26,40.63422392,-8.65972996,5,10,0,0,0,1
16,56,27,40.63422392,-8.65972996,5,10,0,0,0,1
16,56,27,40.63422392,-8.65972996,5,10,0,0,0,1
16,56,27,40.63422392,-8.65973092,5,10,0,0,0,1
16,56,28,40.63422392,-8.65973092,5,10,0,0,0,1
16,56,28,40.63422392,-8.65972996,5,10,0,0,0,1
16,56,28,40.63422392,-8.65973092,5,10,0,0,0,1
16,56,29,40.63422392,-8.65973092,5,10,0,0,0,1
16,56,29,40.63422392,-8.65973092,5,10,0,0,0,1
16,56,29,40.63422392,-8.65973092,5,10,0,0,0,1
16,56,30,40.63422392,-8.65973092,5,10,0,0,0,1
16,56,30,40.63422392,-8.65973092,5,10,0,0,0,1
16,56,30,40.63422392,-8.65972996,5,10,0,0,0,1
16,56,31,40.63422392,-8.65973280,5,10,0,0,0,1
16,56,31,40.63422392,-8.65973280,5,10,0,0,0,1
16,56,31,40.63422392,-8.65973092,5,10,0,0,0,1
16,56,32,40.63422392,-8.65973280,5,10,0,0,0,1
16,56,32,40.63422392,-8.65973280,5,10,0,0,0,1
16,56,32,40.63422392,-8.65973092,5,10,0,0,0,1
16,56,33,40.63422392,-8.65973280,5,10,0,0,0,1
16,56,33,40.63422392,-8.65973280,5,10,0,0,0,1
16,56,33,40.63422392,-8.65973280,5,12,0,0,0,1
16,56,34,40.63422392,-8.65973280,5,12,0,0,0,1
16,56,34,40.63422392,-8.65973280,5,12,0,0,0,1
16,56,34,40.63422392,-8.65973376,5,12,0,0,0,1
16,56,35,40.63422392,-8.65973376,5,12,0,0,0,1
16,56,35,40.63422392,-8.65973376,5,12,0,0,0,1
16,56,35,40.63422392,-8.65973376,5,12,0,0,0,1
16,56,36,40.63422392,-8.65973376,5,12,0,0,0,1
16,56,36,40.63422392,-8.65973376,5,12,0,0,0,1
16,56,36,40.63422392,-8.65973376,5,11,0,0,0,1
16,56,37,40.63422392,-8.65973376,5,11,0,0,0,1
16,56,37,40.63422392,-8.65973376,5,11,0,0,0,1
16,56,37,40.63422392,-8.65973376,5,11,0,0,0,1
16,56,38,40.63422392,-8.65973472,5,11,0,0,0,1
16,56,38,40.63422392,-8.65973472,5,11,0,0,0,1
16,56,38,40.63422392,-8.65973472,5,11,0,0,0,1
16,56,39,40.63422392,-8.65973472,5,11,0,0,0,1
16,56,39,40.63422392,-8.65973472,5,11,0,0,0,1
16,56,39,40.63422392,-8.65973472,5,11,0,0,0,1
16,56,40,40.63422392,-8.65973472,5,11,0,0,0,1
16,56,40,40.63422392,-8.65973472,5,11,0,0,0,1
16,56,40,40.63422392,-8.65973472,5,11,0,0,0,1
16,56,41,40.63422392,-8.65973472,5,11,0,0,0,1
16,56,41,40.63422392,-8.65973472,5,11,0,0,0,1
16,56,41,40.63422392,-8.65973472,5,11,0,0,0,1
16,56,42,40.63422392,-8.65973472,5,11,0,0,0,1
16,56,42,40.63422392,-8.65973472,5,11,0,0,0,1
16,56,42,40.63422392,-8.65973472,5,11,0,0,0,1
16,56,43,40.63422392,-8.65973472,5,11,0,0,0,1
16,56,43,40.63422392,-8.65973472,5,11,0,0,0,1
16,56,43,40.63422392,-8.65973472,5,11,0,0,0,1
16,56,44,40.63422392,-8.65973472,5,11,0,0,0,1
16,56,44,40.63422392,-8.65973472,5,11,0,0,0,1
16,56,44,40.63422392,-8.65973472,5,11,0,0,0,1
16,56,45,40.63422392,-8.65973472,5,11,0,0,0,1
16,56,45,40.63422392,-8.65973472,5,11,0,0,0,1
16,56,45,40.63422392,-8.65973472,5,12,0,0,0,1
16,56,46,40.63422392,-8.65973472,5,12,0,0,0,1
16,56,46,40.63422392,-8.65973472,5,12,0,0,0,1
16,56,46,40.63422392,-8.65973472,5,12,0,0,0,1
16,56,47,40.63422392,-8.65973472,5,10,0,0,0,1
16,56,47,40.63422392,-8.65973472,5,10,0,0,0,1
16,56,47,40.63422392,-8.65973472,5,10,0,0,0,1
16,56,48,40.63422392,-8.65973472,5,10,0,0,0,1
16,56,48,40.63422392,-8.65973472,5,10,0,0,0,1
16,56,48,40.63422392,-8.65973472,5,10,0,0,0,1
16,56,49,40.63422392,-8.65973376,5,10,0,0,0,1
16,56,49,40.63422392,-8.65973376,5,10,0,0,0,1
16,56,49,40.63422392,-8.65973472,5,10,0,0,0,1
16,56,50,40.63422392,-8.65973376,5,10,0,0,0,1
16,56,50,40.63422392,-8.65973376,5,10,0,0,0,1
16,56,50,40.63422392,-8.65973472,5,10,0,0,0,1
16,56,51,40.63422392,-8.65973376,5,10,0,0,0,1
16,56,51,40.63422392,-8.65973376,5,10,0,0,0,1
16,56,51,40.63422392,-8.65973376,5,10,0,0,0,1
16,56,52,40.63422392,-8.65973376,5,10,0,0,0,1
16,56,52,40.63422392,-8.65973376,5,10,0,0,0,1
16,56,52,40.63422392,-8.65973376,5,10,0,0,0,1
16,56,53,40.63422392,-8.65973376,5,12,0,0,0,1
16,56,53,40.63422392,-8.65973376,5,14,0,0,0,1
16,56,53,40.63422392,-8.65973376,5,14,0,0,0,1
16,56,54,40.63421632,-8.65973376,5,14,0,0,0,1
16,56,54,40.63421632,-8.65973376,5,14,0,0,0,1
16,56,54,40.63421632,-8.65973376,5,14,0,0,0,1
16,56,55,40.63421632,-8.65973376,5,14,0,0,0,1
16,56,55,40.63421632,-8.65973376,5,14,0,0,0,1
16,56,55,40.63421632,-8.65973376,5,13,0,0,0,1
16,56,56,40.63421632,-8.65973376,5,12,0,0,0,1
16,56,56,40.63421632,-8.65973376,5,11,0,0,0,1
16,56,56,40.63421632,-8.65973376,5,11,0,0,0,1
16,56,57,40.63421632,-8.65973376,5,10,0,0,0,1
16,56,57,40.63421632,-8.65973376,5,10,0,0,0,1
16,56,57,40.63421632,-8.65973376,5,10,0,0,0,1
16,56,58,40.63421632,-8.65973376,5,10,0,0,0,1
16,56,58,40.63421632,-8.65973376,5,10,0,0,0,1
16,56,58,40.63421632,-8.65973376,5,10,0,0,0,1
16,56,59,40.63421632,-8.65973376,5,10,0,0,0,1
16,56,59,40.63421632,-8.65973376,5,10,0,0,0,1
16,56,59,40.63421632,-8.65973376,5,10,0,0,0,1
16,57,0,40.63421632,-8.65973376,5,10,0,0,0,1
16,57,0,40.63421632,-8.65973376,5,10,0,0,0,1
16,57,0,40.63421632,-8.65973376,5,10,0,0,0,1
16,57,1,40.63421632,-8.65973376,5,10,0,0,0,1
16,57,1,40.63421632,-8.65973376,5,10,0,0,0,1
16,57,1,40.63421632,-8.65973376,5,10,0,0,0,1
16,57,2,40.63421632,-8.65973376,5,10,0,0,0,1
16,57,2,40.63421632,-8.65973376,5,10,0,0,0,1
16,57,2,40.63421632,-8.65973376,5,10,0,0,0,1
16,57,3,40.63421632,-8.65973376,5,10,0,0,0,1
16,57,3,40.63421632,-8.65973376,5,10,0,0,0,1
16,57,3,40.63421632,-8.65973376,5,10,0,0,0,1
16,57,4,40.63421632,-8.65973376,5,10,0,0,0,1
16,57,4,40.63421632,-8.65973376,5,10,0,0,0,1
16,57,4,40.63421632,-8.65973376,5,10,0,0,0,1
16,57,5,40.63421632,-8.65973376,5,10,0,0,0,1
16,57,5,40.63421632,-8.65973376,5,10,0,0,0,1
16,57,5,40.63421632,-8.65973376,5,10,0,0,0,1
16,57,6,40.63421632,-8.65973376,5,10,0,0,0,1
16,57,6,40.63421632,-8.65973376,5,10,0,0,0,1
16,57,6,40.63421632,-8.65973376,5,10,0,0,0,1
16,57,7,40.63421632,-8.65973376,5,10,0,0,0,1
16,57,7,40.63421632,-8.65973376,5,10,0,0,0,1
16,57,7,40.63421632,-8.65973376,5,10,0,0,0,1
16,57,8,40.63421632,-8.65973376,5,10,0,0,0,1
16,57,8,40.63421632,-8.65973280,5,10,0,0,0,1
16,57,8,40.63421632,-8.65973280,5,10,0,0,0,1
16,57,9,40.63421632,-8.65973280,5,10,0,0,0,1
16,57,9,40.63421632,-8.65973280,5,10,0,0,0,1
16,57,9,40.63421632,-8.65973280,5,10,0,0,0,1
16,57,10,40.63421632,-8.65973280,5,10,0,0,0,1
16,57,10,40.63421632,-8.65973280,5,10,0,0,0,1
16,57,10,40.63421632,-8.65973280,5,10,0,0,0,1
16,57,11,40.63421632,-8.65973280,5,10,0,0,0,1
16,57,11,40.63421632,-8.65973280,5,10,0,0,0,1
16,57,11,40.63421632,-8.65973280,5,10,0,0,0,1
16,57,12,40.63421632,-8.65973280,5,10,0,0,0,1
16,57,12,40.63421632,-8.65973280,5,10,0,0,0,1
16,57,12,40.63421632,-8.65973280,5,10,0,0,0,1
16,57,13,40.63421632,-8.65973280,5,10,0,0,0,1
16,57,13,40.63421632,-8.65973280,5,10,0,0,0,1
16,57,13,40.63421632,-8.65973280,5,10,0,0,0,1
16,57,14,40.63421632,-8.65973280,5,10,0,0,0,1
16,57,14,40.63421632,-8.65973280,5,10,0,0,0,1
16,57,14,40.63421632,-8.65973280,5,10,0,0,0,1
16,57,15,40.63421632,-8.65973280,5,10,0,0,0,1
16,57,15,40.63421632,-8.65973280,5,10,0,0,0,1
16,57,15,40.63421632,-8.65973376,5,10,0,0,0,1
16,57,16,40.63421632,-8.65973376,5,10,0,0,0,1
16,57,16,40.63421632,-8.65973376,5,10,0,0,0,1
16,57,16,40.63421632,-8.65973376,5,10,0,0,0,1
16,57,17,40.63421632,-8.65973376,5,10,0,0,0,1
16,57,17,40.63421632,-8.65973376,5,10,0,0,0,1
16,57,17,40.63421632,-8.65973376,5,10,0,0,0,1
16,57,18,40.63421632,-8.65973376,5,10,0,0,0,1
16,57,18,40.63421632,-8.65973376,5,10,0,0,0,1
16,57,18,40.63421632,-8.65973376,5,10,0,0,0,1
16,57,19,40.63421632,-8.65973376,5,10,0,0,0,1
16,57,19,40.63421632,-8.65973376,5,10,0,0,0,1
16,57,19,40.63421632,-8.65973376,5,10,0,0,0,1
16,57,20,40.63421632,-8.65973376,5,10,0,0,0,1
16,57,20,40.63421632,-8.65973376,5,10,0,0,0,1
16,57,20,40.63421632,-8.65973280,2,10,0,0,0,1
16,57,21,40.63421632,-8.65973280,2,0,0,0,0,1
16,57,21,40.63421632,-8.65973280,2,0,0,0,0,1
16,57,21,40.63421632,-8.65973280,2,0,0,0,0,1
16,57,22,40.63421632,-8.65973280,2,0,0,0,0,1
16,57,22,40.63421632,-8.65973092,2,0,0,0,0,1
16,57,22,40.63421632,-8.65973092,2,0,0,0,0,1
16,57,23,40.63421632,-8.65973092,2,0,0,0,0,1
16,57,23,40.63421632,-8.65973092,2,0,0,0,0,1
16,57,23,40.63421632,-8.65973092,2,0,0,0,0,1
16,57,24,40.63421632,-8.65972996,2,0,0,0,0,1
16,57,24,40.63421632,-8.65972996,2,0,0,0,0,1
16,57,24,40.63421632,-8.65972900,5,0,0,0,0,1
16,57,25,40.63421632,-8.65972900,5,0,0,0,0,1
16,57,25,40.63421632,-8.65972900,5,10,0,0,0,1
16,57,25,40.63421632,-8.65972900,5,10,0,0,0,1
16,57,26,40.63421632,-8.65972900,5,10,0,0,0,1
16,57,26,40.63421632,-8.65972900,5,10,0,0,0,1
16,57,26,40.63422392,-8.65972996,5,10,0,0,0,1
16,57,27,40.63422392,-8.65972996,5,10,0,0,0,1
16,57,27,40.63421632,-8.65972900,5,10,0,0,0,1
16,57,27,40.63422392,-8.65972996,5,10,0,0,0,1
16,57,28,40.63422392,-8.65972996,5,10,0,0,0,1
16,57,28,40.63422392,-8.65972996,5,10,0,0,0,1
16,57,28,40.63422392,-8.65973092,5,10,0,0,0,1
16,57,29,40.63422392,-8.65973092,5,10,0,0,0,1
16,57,29,40.63422392,-8.65972996,5,10,0,0,0,1
16,57,29,40.63422392,-8.65973092,5,10,0,0,0,1
16,57,30,40.63422392,-8.65973092,5,10,0,0,0,1
16,57,30,40.63422392,-8.65973092,5,10,0,0,0,1
16,57,30,40.63422392,-8.65973092,5,10,0,0,0,1
16,57,31,40.63422392,-8.65973092,5,10,0,0,0,1
16,57,31,40.63422392,-8.65973092,5,10,0,0,0,1
16,57,31,40.63422392,-8.65973280,5,10,0,0,0,1
16,57,32,40.63422392,-8.65973280,5,10,0,0,0,1
16,57,32,40.63422392,-8.65973280,5,10,0,0,0,1
16,57,32,40.63422392,-8.65973280,5,10,0,0,0,1
16,57,33,40.63422392,-8.65973280,5,10,0,0,0,1
16,57,33,40.63422392,-8.65973280,5,10,0,0,0,1
16,57,33,40.63422392,-8.65973280,5,11,0,0,0,1
16,57,34,40.63422392,-8.65973280,5,11,0,0,0,1
16,57,34,40.63422392,-8.65973280,5,10,0,0,0,1
16,57,34,40.63422392,-8.65973280,5,10,0,0,0,1
16,57,35,40.63422392,-8.65973280,5,11,0,0,0,1
16,57,35,40.63422392,-8.65973280,5,11,0,0,0,1
16,57,35,40.63422392,-8.65973280,5,11,0,0,0,1
16,57,36,40.63422392,-8.65973280,5,11,0,0,0,1
16,57,36,40.63422392,-8.65973280,5,10,0,0,0,1
16,57,36,40.63422392,-8.65973376,5,10,0,0,0,1
16,57,37,40.63422392,-8.65973376,5,10,0,0,0,1
16,57,37,40.63422392,-8.65973376,5,10,0,0,0,1
16,57,37,40.63422392,-8.65973376,5,10,0,0,0,1
16,57,38,40.63422392,-8.65973376,5,10,0,0,0,1
16,57,38,40.63422392,-8.65973376,5,10,0,0,0,1
16,57,38,40.63422392,-8.65973376,5,10,0,0,0,1
16,57,39,40.63422392,-8.65973376,5,10,0,0,0,1
16,57,39,40.63422392,-8.65973376,5,10,0,0,0,1
16,57,39,40.63422392,-8.65973376,5,10,0,0,0,1
16,57,40,40.63422392,-8.65973376,5,10,0,0,0,1
16,57,40,40.63422392,-8.65973376,5,10,0,0,0,1
16,57,40,40.63422392,-8.65973376,5,10,0,0,0,1
16,57,41,40.63422392,-8.65973376,5,10,0,0,0,1
16,57,41,40.63422392,-8.65973376,5,10,0,0,0,1
16,57,41,40.63422392,-8.65973376,5,10,0,0,0,1
16,57,42,40.63422392,-8.65973376,5,10,0,0,0,1
16,57,42,40.63422392,-8.65973376,5,10,0,0,0,1
16,57,42,40.63422392,-8.65973376,5,10,0,0,0,1
16,57,43,40.63422392,-8.65973376,5,10,0,0,0,1
16,57,43,40.63422392,-8.65973376,5,10,0,0,0,1
16,57,43,40.63422392,-8.65973472,5,10,0,0,0,1
16,57,44,40.63422392,-8.65973472,5,10,0,0,0,1
16,57,44,40.63422392,-8.65973376,5,10,0,0,0,1
16,57,44,40.63422392,-8.65973376,5,10,0,0,0,1
16,57,45,40.63422392,-8.65973376,5,10,0,0,0,1
16,57,45,40.63422392,-8.65973376,5,10,0,0,0,1
16,57,45,40.63422392,-8.65973376,5,10,0,0,0,1
16,57,46,40.63422392,-8.65973376,5,10,0,0,0,1
16,57,46,40.63422392,-8.65973376,5,10,0,0,0,1
16,57,46,40.63422392,-8.65973376,5,10,0,0,0,1
16,57,47,40.63422392,-8.65973376,5,10,0,0,0,1
16,57,47,40.63422392,-8.65973376,5,10,0,0,0,1
16,57,47,40.63422392,-8.65973376,5,10,0,0,0,1
16,57,48,40.63422392,-8.65973376,5,10,0,0,0,1
16,57,48,40.63422392,-8.65973376,5,10,0,0,0,1
16,57,48,40.63422392,-8.65973376,5,10,0,0,0,1
16,57,49,40.63422392,-8.65973376,5,12,0,0,0,1
16,57,49,40.63422392,-8.65973376,5,12,0,0,0,1
16,57,49,40.63422392,-8.65973376,5,12,0,0,0,1
16,57,50,40.63422392,-8.65973376,5,12,0,0,0,1
16,57,50,40.63422392,-8.65973376,5,12,0,0,0,1
16,57,50,40.63422392,-8.65973376,5,12,0,0,0,1
16,57,51,40.63422392,-8.65973376,5,12,0,0,0,1
16,57,51,40.63422392,-8.65973376,5,12,0,0,0,1
16,57,51,40.63422392,-8.65973376,5,12,0,0,0,1
16,57,52,40.63422392,-8.65973376,5,12,0,0,0,1
16,57,52,40.63422392,-8.65973376,5,12,0,0,0,1
16,57,52,40.63422392,-8.65973376,5,12,0,0,0,1
16,57,53,40.63422392,-8.65973376,5,12,0,0,0,1
16,57,53,40.63422392,-8.65973376,5,12,0,0,0,1
16,57,53,40.63422392,-8.65973376,5,12,0,0,0,1
16,57,54,40.63422392,-8.65973376,5,12,0,0,0,1
16,57,54,40.63422392,-8.65973280,5,12,0,0,0,1
16,57,54,40.63422392,-8.65973376,5,12,0,0,0,1
16,57,55,40.63422392,-8.65973376,5,12,0,0,0,1
16,57,55,40.63422392,-8.65973280,5,12,0,0,0,1
16,57,55,40.63422392,-8.65973376,5,11,0,0,0,1
16,57,56,40.63422392,-8.65973376,5,12,0,0,0,1
16,57,56,40.63422392,-8.65973280,5,12,0,0,0,1
16,57,56,40.63422392,-8.65973376,5,12,0,0,0,1
16,57,57,40.63422392,-8.65973376,5,12,0,0,0,1
16,57,57,40.63422392,-8.65973280,5,12,0,0,0,1
16,57,57,40.63422392,-8.65973376,5,12,0,0,0,1
16,57,58,40.63422392,-8.65973376,5,12,0,0,0,1
16,57,58,40.63422392,-8.65973280,5,12,0,0,0,1
16,57,58,40.63422392,-8.65973376,5,12,0,0,0,1
16,57,59,40.63422392,-8.65973376,5,12,0,0,0,1
16,57,59,40.63422392,-8.65973280,5,12,0,0,0,1
16,57,59,40.63422392,-8.65973376,5,12,0,0,0,1
16,58,0,40.63422392,-8.65973376,5,12,0,0,0,1
16,58,0,40.63422392,-8.65973280,5,12,0,0,0,1
16,58,0,40.63422392,-8.65973376,5,12,0,0,0,1
16,58,1,40.63422392,-8.65973376,5,12,0,0,0,1
16,58,1,40.63422392,-8.65973376,5,12,0,0,0,1
16,58,1,40.63422392,-8.65973376,5,12,0,0,0,1
16,58,2,40.63422392,-8.65973376,5,12,0,0,0,1
16,58,2,40.63422392,-8.65973376,5,11,0,0,0,1
16,58,2,40.63422392,-8.65973376,5,11,0,0,0,1
16,58,3,40.63422392,-8.65973376,5,12,0,0,0,1
16,58,3,40.63422392,-8.65973280,5,12,0,0,0,1
16,58,3,40.63422392,-8.65973376,5,12,0,0,0,1
16,58,4,40.63422392,-8.65973376,5,12,0,0,0,1
16,58,4,40.63422392,-8.65973376,5,12,0,0,0,1
16,58,4,40.63422392,-8.65973376,5,11,0,0,0,1
16,58,4,40.63422392,-8.65973376,5,12,0,0,0,1
16,58,5,40.63422392,-8.65973376,5,12,0,0,0,1
16,58,5,40.63422392,-8.65973472,5,12,0,0,0,1
16,58,6,40.63422392,-8.65973472,5,12,0,0,0,1
16,58,6,40.63422392,-8.65973376,5,11,0,0,0,1
16,58,6,40.63422392,-8.65973472,5,11,0,0,0,1
16,58,7,40.63422392,-8.65973472,5,12,0,0,0,1
16,58,7,40.63422392,-8.65973376,5,12,0,0,0,1
16,58,7,40.63422392,-8.65973472,5,12,0,0,0,1
16,58,8,40.63422392,-8.65973472,5,12,0,0,0,1
16,58,8,40.63422392,-8.65973376,5,11,0,0,0,1
16,58,8,40.63422392,-8.65973472,5,11,0,0,0,1
16,58,9,40.63422392,-8.65973472,5,11,0,0,0,1
16,58,9,40.63422392,-8.65973376,5,11,0,0,0,1
16,58,9,40.63422392,-8.65973472,5,11,0,0,0,1
16,58,10,40.63422392,-8.65973472,5,11,0,0,0,1
16,58,10,40.63422392,-8.65973376,5,11,0,0,0,1
16,58,10,40.63422392,-8.65973472,5,11,0,0,0,1
16,58,11,40.63422392,-8.65973472,5,11,0,0,0,1
16,58,11,40.63422392,-8.65973376,5,11,0,0,0,1
16,58,11,40.63422392,-8.65973472,5,11,0,0,0,1
16,58,12,40.63422392,-8.65973472,5,10,0,0,0,1
16,58,12,40.63422392,-8.65973376,5,10,0,0,0,1
16,58,12,40.63422392,-8.65973472,5,10,0,0,0,1
16,58,13,40.63422392,-8.65973472,5,10,0,0,0,1
16,58,13,40.63422392,-8.65973376,5,10,0,0,0,1
16,58,13,40.63422392,-8.65973472,5,10,0,0,0,1
16,58,14,40.63422392,-8.65973472,5,10,0,0,0,1
16,58,14,40.63422392,-8.65973376,5,10,0,0,0,1
16,58,14,40.63422392,-8.65973472,5,10,0,0,0,1
16,58,15,40.63422392,-8.65973472,5,10,0,0,0,1
16,58,15,40.63422392,-8.65973472,5,11,0,0,0,1
16,58,15,40.63422392,-8.65973472,5,11,0,0,0,1
16,58,16,40.63422392,-8.65973472,5,12,0,0,0,1
16,58,16,40.63422392,-8.65973472,5,12,0,0,0,1
16,58,16,40.63422392,-8.65973472,5,12,0,0,0,1
16,58,17,40.63422392,-8.65973472,5,12,0,0,0,1
16,58,17,40.63422392,-8.65973472,5,12,0,0,0,1
16,58,17,40.63422392,-8.65973376,5,12,0,0,0,1
16,58,18,40.63422392,-8.65973376,5,12,0,0,0,1
16,58,18,40.63422392,-8.65973472,5,12,0,0,0,1
16,58,18,40.63422392,-8.65973472,5,12,0,0,0,1
16,58,19,40.63422392,-8.65973472,5,12,0,0,0,1
16,58,19,40.63422392,-8.65973472,5,12,0,0,0,1
16,58,19,40.63422392,-8.65973472,5,12,0,0,0,1
16,58,20,40.63422392,-8.65973472,5,12,0,0,0,1
16,58,20,40.63422392,-8.65973472,5,12,0,0,0,1
16,58,20,40.63422392,-8.65973472,5,12,0,0,0,1
16,58,21,40.63422392,-8.65973472,5,12,0,0,0,1
16,58,21,40.63422392,-8.65973376,5,12,0,0,0,1
16,58,21,40.63422392,-8.65973472,5,12,0,0,0,1
16,58,22,40.63422392,-8.65973472,5,12,0,0,0,1
16,58,22,40.63422392,-8.65973472,5,12,0,0,0,1
16,58,22,40.63422392,-8.65973472,5,12,0,0,0,1
16,58,23,40.63422392,-8.65973472,5,13,0,0,0,1
16,58,23,40.63422392,-8.65973472,5,13,0,0,0,1
16,58,23,40.63422392,-8.65973472,5,13,0,0,0,1
16,58,24,40.63422392,-8.65973472,5,13,0,0,0,1
16,58,24,40.63422392,-8.65973472,5,13,0,0,0,1
16,58,24,40.63422392,-8.65973472,5,13,0,0,0,1
16,58,25,40.63422392,-8.65973472,5,13,0,0,0,1
16,58,25,40.63422392,-8.65973472,5,12,0,0,0,1
16,58,25,40.63422392,-8.65973472,5,12,0,0,0,1
16,58,26,40.63422392,-8.65973472,5,13,0,0,0,1
16,58,26,40.63422392,-8.65973472,5,12,0,0,0,1
16,58,26,40.63422392,-8.65973472,5,12,0,0,0,1
16,58,27,40.63422392,-8.65973472,5,11,0,0,0,1
16,58,27,40.63422392,-8.65973472,5,11,0,0,0,1
16,58,27,40.63422392,-8.65973472,5,11,0,0,0,1
16,58,28,40.63422392,-8.65973472,5,12,0,0,0,1
16,58,28,40.63422392,-8.65973472,5,12,0,0,0,1
16,58,28,40.63422392,-8.65973472,5,12,0,0,0,1
16,58,29,40.63422392,-8.65973472,5,12,0,0,0,1
16,58,29,40.63422392,-8.65973472,5,12,0,0,0,1
16,58,29,40.63422392,-8.65973472,5,12,0,0,0,1
16,58,30,40.63422392,-8.65973472,5,12,0,0,0,1
16,58,30,40.63422392,-8.65973472,5,12,0,0,0,1
16,58,30,40.63422392,-8.65973472,5,12,0,0,0,1
16,58,31,40.63422392,-8.65973472,5,12,0,0,0,1
16,58,31,40.63422392,-8.65973472,5,13,0,0,0,1
16,58,31,40.63422392,-8.65973472,5,13,0,0,0,1
16,58,32,40.63422392,-8.65973472,5,13,0,0,0,1
16,58,32,40.63422392,-8.65973472,5,13,0,0,0,1
16,58,32,40.63422392,-8.65973472,5,13,0,0,0,1
16,58,33,40.63422392,-8.65973472,5,13,0,0,0,1
16,58,33,40.63422392,-8.65973472,5,13,0,0,0,1
16,58,33,40.63422392,-8.65973472,5,13,0,0,0,1
16,58,34,40.63422392,-8.65973472,5,13,0,0,0,1
16,58,34,40.63422392,-8.65973472,5,13,0,0,0,1
16,58,34,40.63422392,-8.65973472,5,13,0,0,0,1
16,58,35,40.63422392,-8.65973472,5,14,0,0,0,1
16,58,35,40.63422392,-8.65973472,5,13,0,0,0,1
16,58,35,40.63422392,-8.65973472,5,13,0,0,0,1
16,58,36,40.63422392,-8.65973472,5,14,0,0,0,1
16,58,36,40.63422392,-8.65973472,5,13,0,0,0,1
16,58,36,40.63422392,-8.65973472,5,13,0,0,0,1
16,58,37,40.63422392,-8.65973472,5,14,0,0,0,1
16,58,37,40.63422392,-8.65973472,5,13,0,0,0,1
16,58,37,40.63422392,-8.65973472,5,13,0,0,0,1
16,58,38,40.63422392,-8.65973472,5,13,0,0,0,1
16,58,38,40.63421632,-8.65973472,5,13,0,0,0,1
16,58,38,40.63422392,-8.65973472,5,13,0,0,0,1
16,58,39,40.63422392,-8.65973472,5,11,0,0,0,1
16,58,39,40.63422392,-8.65973472,5,11,0,0,0,1
16,58,39,40.63422392,-8.65973472,5,11,0,0,0,1
16,58,40,40.63422392,-8.65973472,5,11,0,0,0,1
16,58,40,40.63422392,-8.65973472,5,11,0,0,0,1
16,58,40,40.63422392,-8.65973472,5,10,0,0,0,1
16,58,41,40.63422392,-8.65973472,5,11,0,0,0,1
16,58,41,40.63421632,-8.65973472,5,11,0,0,0,1
16,58,41,40.63422392,-8.65973472,5,11,0,0,0,1
16,58,42,40.63422392,-8.65973472,5,11,0,0,0,1
16,58,42,40.63421632,-8.65973472,5,11,0,0,0,1
16,58,42,40.63421632,-8.65973472,5,11,0,0,0,1
16,58,43,40.63422392,-8.65973472,5,11,0,0,0,1
16,58,43,40.63421632,-8.65973472,5,11,0,0,0,1
16,58,43,40.63421632,-8.65973472,5,11,0,0,0,1
16,58,44,40.63422392,-8.65973760,5,11,0,0,0,1
16,58,44,40.63421632,-8.65973472,5,11,0,0,0,1
16,58,44,40.63421632,-8.65973472,5,11,0,0,0,1
16,58,44,40.63422392,-8.65973760,5,11,0,0,0,1
16,58,45,40.63421632,-8.65973472,5,11,0,0,0,1
16,58,45,40.63421632,-8.65973472,5,11,0,0,0,1
16,58,46,40.63422392,-8.65973760,5,11,0,0,0,1
16,58,46,40.63421632,-8.65973472,5,11,0,0,0,1
16,58,46,40.63421632,-8.65973472,5,11,0,0,0,1
16,58,46,40.63422392,-8.65973760,5,11,0,0,0,1
16,58,47,40.63421632,-8.65973472,5,10,0,0,0,1
16,58,47,40.63421632,-8.65973472,5,10,0,0,0,1
16,58,48,40.63422392,-8.65973760,5,10,0,0,0,1
16,58,48,40.63421632,-8.65973472,5,11,0,0,0,1
16,58,48,40.63421632,-8.65973472,5,11,0,0,0,1
16,58,49,40.63422392,-8.65973760,5,11,0,0,0,1
16,58,49,40.63421632,-8.65973472,5,11,0,0,0,1
16,58,49,40.63421632,-8.65973472,5,11,0,0,0,1
16,58,49,40.63422392,-8.65973760,5,10,0,0,0,1
16,58,50,40.63421632,-8.65973472,5,10,0,0,0,1
16,58,50,40.63421632,-8.65973472,5,10,0,0,0,1
16,58,50,40.63422392,-8.65973760,5,10,0,0,0,1
16,58,51,40.63421632,-8.65973472,5,10,0,0,0,1
16,58,51,40.63421632,-8.65973472,5,10,0,0,0,1
16,58,51,40.63422392,-8.65973760,5,10,0,0,0,1
16,58,52,40.63421632,-8.65973472,5,10,0,0,0,1
16,58,52,40.63421632,-8.65973472,5,10,0,0,0,1
16,58,52,40.63422392,-8.65973760,5,10,0,0,0,1
16,58,53,40.63421632,-8.65973472,5,10,0,0,0,1
16,58,53,40.63421632,-8.65973472,5,10,0,0,0,1
16,58,53,40.63422392,-8.65973760,5,10,0,0,0,1
16,58,54,40.63421632,-8.65973472,5,10,0,0,0,1
16,58,54,40.63421632,-8.65973472,5,10,0,0,0,1
16,58,54,40.63422392,-8.65973760,5,10,0,0,0,1
16,58,55,40.63421632,-8.65973472,5,10,0,0,0,1
16,58,55,40.63421632,-8.65973472,5,10,0,0,0,1
16,58,55,40.63422392,-8.65973760,5,10,0,0,0,1
16,58,56,40.63421632,-8.65973472,5,10,0,0,0,1
16,58,56,40.63421632,-8.65973472,5,10,0,0,0,1
16,58,56,40.63422392,-8.65973760,5,10,0,0,0,1
16,58,57,40.63421632,-8.65973472,5,10,0,0,0,1
16,58,57,40.63421632,-8.65973472,5,10,0,0,0,1
16,58,57,40.63422392,-8.65973760,5,10,0,0,0,1
16,58,58,40.63421632,-8.65973472,5,10,0,0,0,1
16,58,58,40.63421632,-8.65973472,5,10,0,0,0,1
16,58,58,40.63421632,-8.65973760,5,10,0,0,0,1
16,58,59,40.63421632,-8.65973472,5,10,0,0,0,1
16,58,59,40.63421632,-8.65973472,5,10,0,0,0,1
16,58,59,40.63421632,-8.65973760,5,10,0,0,0,1
16,59,0,40.63421632,-8.65973472,5,10,0,0,0,1
16,59,0,40.63421632,-8.65973472,5,10,0,0,0,1
16,59,0,40.63421632,-8.65973760,5,10,0,0,0,1
16,59,1,40.63421632,-8.65973472,5,10,0,0,0,1
16,59,1,40.63421632,-8.65973472,5,10,0,0,0,1
16,59,1,40.63421632,-8.65973760,5,10,0,0,0,1
16,59,2,40.63421632,-8.65973472,5,10,0,0,0,1
16,59,2,40.63421632,-8.65973472,5,10,0,0,0,1
16,59,2,40.63421632,-8.65973760,5,10,0,0,0,1
16,59,3,40.63421632,-8.65973472,5,10,0,0,0,1
16,59,3,40.63421632,-8.65973472,5,10,0,0,0,1
16,59,3,40.63421632,-8.65973760,5,10,0,0,0,1
16,59,4,40.63421632,-8.65973472,5,11,0,0,0,1
16,59,4,40.63421632,-8.65973472,5,11,0,0,0,1
16,59,4,40.63421632,-8.65973760,5,10,0,0,0,1
16,59,5,40.63421632,-8.65973472,5,10,0,0,0,1
16,59,5,40.63421632,-8.65973472,5,11,0,0,0,1
16,59,5,40.63421632,-8.65973760,5,10,0,0,0,1
16,59,6,40.63421632,-8.65973472,5,10,0,0,0,1
16,59,6,40.63421632,-8.65973472,5,10,0,0,0,1
16,59,6,40.63421632,-8.65973760,5,16,0,0,0,1
16,59,7,40.63421632,-8.65973472,5,16,0,0,0,1
16,59,7,40.63421632,-8.65973472,5,16,0,0,0,1
16,59,7,40.63421632,-8.65973760,5,16,0,0,0,1
16,59,8,40.63421632,-8.65973472,5,16,0,0,0,1
16,59,8,40.63421632,-8.65973472,5,16,0,0,0,1
16,59,8,40.63421632,-8.65973760,5,16,0,0,0,1
16,59,9,40.63421632,-8.65973472,5,16,0,0,0,1
16,59,9,40.63421632,-8.65973472,5,16,0,0,0,1
16,59,9,40.63421632,-8.65973760,5,16,0,0,0,1
16,59,10,40.63421632,-8.65973472,5,16,0,0,0,1
16,59,10,40.63421632,-8.65973472,5,16,0,0,0,1
16,59,10,40.63421632,-8.65973760,5,16,0,0,0,1
16,59,11,40.63421632,-8.65973472,5,16,0,0,0,1
16,59,11,40.63421632,-8.65973472,5,16,0,0,0,1
16,59,11,40.63421632,-8.65973760,5,16,0,0,0,1
16,59,12,40.63421632,-8.65973472,5,15,0,0,0,1
16,59,12,40.63421632,-8.65973472,5,15,0,0,0,1
16,59,12,40.63421632,-8.65973760,5,16,0,0,0,1
16,59,13,40.63421632,-8.65973472,5,16,0,0,0,1
16,59,13,40.63421632,-8.65973472,5,16,0,0,0,1
16,59,13,40.63421632,-8.65973760,5,16,0,0,0,1
16,59,14,40.63421632,-8.65973472,5,16,0,0,0,1
16,59,14,40.63421632,-8.65973472,5,16,0,0,0,1
16,59,14,40.63421632,-8.65973760,5,17,0,0,0,1
16,59,15,40.63421632,-8.65973472,5,17,0,0,0,1
16,59,15,40.63421632,-8.65973472,5,17,0,0,0,1
16,59,15,40.63421632,-8.65973760,5,17,0,0,0,1
16,59,16,40.63421632,-8.65973472,5,17,0,0,0,1
16,59,16,40.63421632,-8.65973472,5,17,0,1,0,1
16,59,16,40.63421632,-8.65973760,5,17,0,0,0,1
16,59,17,40.63421632,-8.65973472,5,17,0,0,0,1
16,59,17,40.63421632,-8.65973472,5,16,0,0,0,1
16,59,17,40.63421632,-8.65973760,5,17,0,0,0,1
16,59,18,40.63421632,-8.65973472,5,17,0,0,0,1
16,59,18,40.63421632,-8.65973472,5,17,0,0,0,1
16,59,18,40.63421632,-8.65973760,5,16,0,0,0,1
16,59,19,40.63421632,-8.65973472,5,16,0,0,0,1
16,59,19,40.63421632,-8.65973472,5,16,0,0,0,1
16,59,19,40.63421632,-8.65973760,5,17,0,0,0,1
16,59,20,40.63421632,-8.65973472,5,17,0,0,0,1
16,59,20,40.63421632,-8.65973472,5,17,0,0,0,1
16,59,20,40.63421632,-8.65973760,5,17,0,0,0,1
16,59,21,40.63421632,-8.65973472,5,14,0,0,0,1
16,59,21,40.63421632,-8.65973472,5,14,0,0,0,1
16,59,21,40.63421632,-8.65973760,5,14,0,0,0,1
16,59,22,40.63421632,-8.65973760,5,14,0,0,0,1
16,59,22,40.63421632,-8.65973760,5,14,0,0,0,1
16,59,22,40.63421632,-8.65973760,5,17,0,0,0,1
16,59,23,40.63421632,-8.65973472,5,17,0,0,0,1
16,59,23,40.63421632,-8.65973472,5,17,0,0,0,1
16,59,23,40.63421632,-8.65973760,5,17,0,0,0,1
16,59,24,40.63421632,-8.65973760,5,17,0,0,0,1
16,59,24,40.63421632,-8.65973760,5,17,0,0,0,1
16,59,24,40.63421632,-8.65973760,5,17,0,0,0,1
16,59,25,40.63421632,-8.65973472,5,17,0,0,0,1
16,59,25,40.63421632,-8.65973472,5,17,0,0,0,1
16,59,25,40.63421632,-8.65973760,5,18,0,0,0,1
16,59,26,40.63421632,-8.65973760,5,18,0,0,0,1
16,59,26,40.63421632,-8.65973760,5,18,0,0,0,1
16,59,26,40.63421632,-8.65973856,5,18,0,0,0,1
16,59,27,40.63421632,-8.65973760,5,18,0,0,0,1
16,59,27,40.63421632,-8.65973760,5,17,0,0,0,1
16,59,27,40.63421632,-8.65973856,5,18,0,0,0,1
16,59,28,40.63421632,-8.65973760,5,18,0,0,0,1
16,59,28,40.63421632,-8.65973760,5,17,0,0,0,1
16,59,28,40.63421632,-8.65973856,5,18,0,0,0,1
16,59,29,40.63421632,-8.65973760,5,18,0,0,0,1
16,59,29,40.63421632,-8.65973760,5,18,0,0,0,1
16,59,29,40.63421632,-8.65973856,5,18,0,0,0,1
16,59,30,40.63421632,-8.65973760,5,18,0,0,0,1
16,59,30,40.63421632,-8.65973760,5,17,0,0,0,1
16,59,30,40.63421632,-8.65973856,5,17,0,0,0,1
16,59,31,40.63421632,-8.65973760,5,17,0,0,0,1
16,59,31,40.63421632,-8.65973760,5,17,0,0,0,1
16,59,31,40.63421632,-8.65973856,5,17,0,0,0,1
16,59,32,40.63421632,-8.65973760,5,17,0,0,0,1
16,59,32,40.63421632,-8.65973760,5,17,0,0,0,1
16,59,32,40.63421632,-8.65973856,5,17,0,0,0,1
16,59,33,40.63421632,-8.65973760,5,17,0,0,0,1
16,59,33,40.63421632,-8.65973760,5,17,0,0,0,1
16,59,33,40.63421632,-8.65973856,5,17,0,0,0,1
16,59,34,40.63421632,-8.65973760,5,17,0,0,0,1
16,59,34,40.63421632,-8.65973760,5,17,0,0,0,1
16,59,34,40.63421632,-8.65973856,5,15,0,0,0,1
16,59,35,40.63421632,-8.65973760,5,15,0,0,0,1
16,59,35,40.63421632,-8.65973760,5,15,0,0,0,1
16,59,35,40.63421632,-8.65973856,5,15,0,0,0,1
16,59,36,40.63421632,-8.65973760,5,15,0,0,0,1
16,59,36,40.63421632,-8.65973760,5,14,0,0,0,1
16,59,36,40.63421632,-8.65973856,5,15,0,0,0,1
16,59,37,40.63421632,-8.65973760,5,15,0,0,0,1
16,59,37,40.63421632,-8.65973760,5,14,0,0,0,1
16,59,37,40.63421632,-8.65973856,5,14,0,0,0,1
16,59,38,40.63421632,-8.65973760,5,15,0,0,0,1
16,59,38,40.63421632,-8.65973760,5,13,0,0,0,1
16,59,38,40.63421632,-8.65973856,5,14,0,0,0,1
16,59,39,40.63421632,-8.65973856,5,14,0,0,0,1
16,59,39,40.63421632,-8.65973856,5,14,0,0,0,1
16,59,39,40.63421632,-8.65973856,5,14,0,0,0,1
16,59,40,40.63421632,-8.65973760,5,17,0,0,0,1
16,59,40,40.63421632,-8.65973760,5,17,0,0,0,1
16,59,40,40.63421632,-8.65973856,5,17,0,0,0,1
16,59,41,40.63421632,-8.65973760,5,17,0,0,0,1
16,59,41,40.63421632,-8.65973760,5,17,0,0,0,1
16,59,41,40.63421632,-8.65973856,5,17,0,0,0,1
16,59,42,40.63421632,-8.65973760,5,17,0,0,0,1
16,59,42,40.63421632,-8.65973760,5,17,0,0,0,1
16,59,42,40.63421632,-8.65973856,5,17,0,0,0,1
16,59,43,40.63421632,-8.65973760,5,17,0,0,0,1
16,59,43,40.63421632,-8.65973760,5,17,0,0,0,1
16,59,43,40.63421632,-8.65973856,5,17,0,0,0,1
16,59,44,40.63421632,-8.65973760,5,17,0,0,0,1
16,59,44,40.63421632,-8.65973760,5,17,0,0,0,1
16,59,44,40.63421632,-8.65973856,5,17,0,0,0,1
16,59,45,40.63421632,-8.65973760,5,17,0,0,0,1
16,59,45,40.63421632,-8.65973760,5,17,0,0,0,1
16,59,45,40.63421632,-8.65973856,5,17,0,0,0,1
16,59,46,40.63421632,-8.65973760,5,17,0,0,0,1
16,59,46,40.63421632,-8.65973760,5,17,0,0,0,1
16,59,46,40.63421632,-8.65973856,5,17,0,0,0,1
16,59,47,40.63421632,-8.65973760,5,17,0,0,0,1
16,59,47,40.63421632,-8.65973760,5,17,0,0,0,1
16,59,47,40.63421632,-8.65973856,5,17,0,0,0,1
16,59,48,40.63421632,-8.65973760,5,17,0,0,0,1
16,59,48,40.63421632,-8.65973760,5,17,0,0,0,1
16,59,48,40.63421632,-8.65973856,5,18,0,0,0,1
16,59,49,40.63421632,-8.65973760,5,18,0,0,0,1
16,59,49,40.63421632,-8.65973760,5,18,0,0,0,1
16,59,49,40.63421632,-8.65973856,5,18,0,0,0,1
16,59,50,40.63421632,-8.65973760,5,18,0,0,0,1
16,59,50,40.63421632,-8.65973760,5,18,0,0,0,1
16,59,50,40.63421632,-8.65973856,5,18,0,0,0,1
16,59,51,40.63421632,-8.65973760,5,18,0,0,0,1
16,59,51,40.63421632,-8.65973760,5,18,0,0,0,1
16,59,51,40.63421632,-8.65973856,5,18,0,0,0,1
16,59,52,40.63421632,-8.65973760,5,18,0,0,0,1
16,59,52,40.63421632,-8.65973760,5,18,0,0,0,1
16,59,52,40.63421632,-8.65973856,5,16,0,0,0,1
16,59,53,40.63421632,-8.65973760,5,16,0,0,0,1
16,59,53,40.63421632,-8.65973760,5,16,0,0,0,1
16,59,53,40.63421632,-8.65973856,5,16,0,0,0,1
16,59,54,40.63421632,-8.65973760,5,15,0,0,0,1
16,59,54,40.63421632,-8.65973760,5,14,0,0,0,1
16,59,54,40.63421632,-8.65973856,5,15,0,0,0,1
16,59,55,40.63421632,-8.65973760,5,15,0,0,0,1
16,59,55,40.63421632,-8.65973760,5,14,0,0,0,1
16,59,55,40.63421632,-8.65973856,5,15,0,0,0,1
16,59,56,40.63421632,-8.65973760,5,15,0,0,0,1
16,59,56,40.63421632,-8.65973760,5,15,0,0,0,1
16,59,56,40.63421632,-8.65973856,5,15,0,0,0,1
16,59,57,40.63421632,-8.65973760,5,15,0,0,0,1
16,59,57,40.63421632,-8.65973760,5,15,0,0,0,1
16,59,57,40.63421632,-8.65973856,5,15,0,0,0,1
16,59,58,40.63421632,-8.65973760,5,15,0,0,0,1
16,59,58,40.63421632,-8.65973760,5,15,0,0,0,1
16,59,58,40.63421632,-8.65973856,5,15,0,0,0,1
16,59,59,40.63421632,-8.65973760,5,15,0,0,0,1
16,59,59,40.63421632,-8.65973760,5,15,0,0,0,1
16,59,59,40.63421632,-8.65973856,5,14,0,0,0,1
17,0,0,40.63421632,-8.65973760,5,14,0,0,0,1
17,0,0,40.63421632,-8.65973760,5,14,0,0,0,1
17,0,0,40.63421632,-8.65973856,5,14,0,0,0,1
17,0,1,40.63421632,-8.65973760,5,14,0,0,0,1
17,0,1,40.63421632,-8.65973760,5,14,0,0,0,1
17,0,1,40.63421632,-8.65973856,5,19,0,0,0,1
17,0,2,40.63421632,-8.65973856,5,19,0,0,0,1
17,0,2,40.63421632,-8.65973856,5,19,0,0,0,1
17,0,2,40.63421632,-8.65973856,5,19,0,0,0,1
17,0,3,40.63421632,-8.65973856,5,19,0,0,0,1
17,0,3,40.63421632,-8.65973856,5,17,0,0,0,1
17,0,3,40.63421632,-8.65973856,5,17,0,0,0,1
17,0,4,40.63421632,-8.65973856,5,17,0,0,0,1
17,0,4,40.63421632,-8.65973856,5,17,0,0,0,1
17,0,4,40.63421632,-8.65973856,5,17,0,0,0,1
17,0,5,40.63421632,-8.65973856,5,16,0,0,0,1
17,0,5,40.63421632,-8.65973856,5,17,0,0,0,1
17,0,5,40.63421632,-8.65973856,5,17,0,0,0,1
17,0,6,40.63421632,-8.65973856,5,17,0,0,0,1
17,0,6,40.63421632,-8.65973856,5,17,0,0,0,1
17,0,6,40.63421632,-8.65973856,5,17,0,0,0,1
17,0,7,40.63421632,-8.65973856,5,17,0,0,0,1
17,0,7,40.63421632,-8.65973856,5,17,0,0,0,1
17,0,7,40.63421632,-8.65973856,5,17,0,0,0,1
17,0,8,40.63421632,-8.65973856,5,17,0,0,0,1
17,0,8,40.63421632,-8.65973856,5,17,0,0,0,1
17,0,8,40.63421632,-8.65973856,5,17,0,0,0,1
17,0,9,40.63421632,-8.65973856,5,17,0,0,0,1
17,0,9,40.63421632,-8.65973856,5,17,0,0,0,1
17,0,9,40.63421632,-8.65973856,5,17,0,0,0,1
17,0,10,40.63421632,-8.65973856,5,17,0,0,0,1
17,0,10,40.63421632,-8.65973856,5,17,0,0,0,1
17,0,10,40.63421632,-8.65973856,5,17,0,0,0,1
17,0,11,40.63421632,-8.65973856,5,17,0,0,0,1
17,0,11,40.63421632,-8.65973856,5,17,0,0,0,1
17,0,11,40.63421632,-8.65973856,5,17,0,0,0,1
17,0,12,40.63421632,-8.65973856,5,17,0,0,0,1
17,0,12,40.63421632,-8.65973856,5,17,0,0,0,1
17,0,12,40.63421632,-8.65973856,5,17,0,0,0,1
17,0,13,40.63421632,-8.65973856,5,18,0,0,0,1
17,0,13,40.63421632,-8.65973856,5,16,0,0,0,1
17,0,13,40.63421632,-8.65973856,5,16,0,0,0,1
17,0,14,40.63421632,-8.65973856,5,17,0,0,0,1
17,0,14,40.63421632,-8.65973856,5,17,0,0,0,1
17,0,14,40.63421632,-8.65973948,5,17,0,0,0,1
17,0,15,40.63421632,-8.65973856,5,16,0,0,0,1
17,0,15,40.63421632,-8.65973856,5,16,0,0,0,1
17,0,15,40.63421632,-8.65973948,5,16,0,0,0,1
17,0,16,40.63421632,-8.65973856,5,16,0,0,0,1
17,0,16,40.63421632,-8.65973856,5,16,0,0,0,1
17,0,16,40.63421632,-8.65973948,5,16,0,0,0,1
17,0,17,40.63421632,-8.65973948,5,16,0,0,0,1
17,0,17,40.63421632,-8.65973856,5,15,0,0,0,1
17,0,17,40.63421632,-8.65973948,5,15,0,0,0,1
17,0,18,40.63421632,-8.65973948,5,15,0,0,0,1
17,0,18,40.63421632,-8.65973856,5,15,0,0,0,1
17,0,18,40.63421632,-8.65973948,5,15,0,0,0,1
17,0,19,40.63421632,-8.65973948,5,16,0,0,0,1
17,0,19,40.63421632,-8.65973856,5,15,0,0,0,1
17,0,19,40.63421632,-8.65973948,5,15,0,0,0,1
17,0,20,40.63421632,-8.65973948,5,16,0,0,0,1
17,0,20,40.63421632,-8.65973856,5,15,0,0,0,1
17,0,20,40.63421632,-8.65973948,5,15,0,0,0,1
17,0,21,40.63421632,-8.65973948,5,15,0,0,0,1
17,0,21,40.63421632,-8.65973856,5,15,0,0,0,1
17,0,21,40.63421632,-8.65973948,5,15,0,0,0,1
17,0,22,40.63421632,-8.65973948,5,15,0,0,0,1
17,0,22,40.63421632,-8.65973856,5,15,0,0,0,1
17,0,22,40.63421632,-8.65973948,5,15,0,0,0,1
17,0,23,40.63421632,-8.65973948,5,15,0,0,0,1
17,0,23,40.63421632,-8.65973856,5,15,0,0,0,1
17,0,23,40.63421632,-8.65973948,5,15,0,0,0,1
17,0,24,40.63421632,-8.65973948,5,15,0,0,0,1
17,0,24,40.63421632,-8.65973856,5,15,0,0,0,1
17,0,24,40.63421632,-8.65973948,5,15,0,0,0,1
17,0,25,40.63421632,-8.65973948,5,15,0,0,0,1
17,0,25,40.63421632,-8.65973856,5,15,0,0,0,1
17,0,25,40.63421632,-8.65973948,5,15,0,0,0,1
17,0,26,40.63421632,-8.65973948,5,15,0,0,0,1
17,0,26,40.63421632,-8.65973856,5,15,0,0,0,1
17,0,26,40.63421632,-8.65973948,5,14,0,0,0,1
17,0,27,40.63421632,-8.65973948,5,14,0,0,0,1
17,0,27,40.63421632,-8.65973856,5,14,0,0,0,1
17,0,27,40.63421632,-8.65973948,5,14,0,0,0,1
17,0,28,40.63421632,-8.65973948,5,15,0,0,0,1
17,0,28,40.63421632,-8.65973856,5,15,0,0,0,1
17,0,28,40.63421632,-8.65973948,5,15,0,0,0,1
17,0,29,40.63421632,-8.65973948,5,15,0,0,0,1
17,0,29,40.63421632,-8.65973856,5,10,0,0,0,1
17,0,29,40.63421632,-8.65974044,5,10,0,0,0,1
17,0,30,40.63421632,-8.65974044,5,10,0,0,0,1
17,0,30,40.63421632,-8.65973856,5,10,0,0,0,1
17,0,30,40.63421632,-8.65973948,5,10,0,0,0,1
17,0,31,40.63421632,-8.65973948,5,10,0,0,0,1
17,0,31,40.63421632,-8.65973856,5,10,0,0,0,1
17,0,31,40.63421632,-8.65973948,5,10,0,0,0,1
17,0,32,40.63421632,-8.65973948,5,10,0,0,0,1
17,0,32,40.63421632,-8.65973856,5,10,0,0,0,1
17,0,32,40.63421632,-8.65973948,5,10,0,0,0,1
17,0,33,40.63421632,-8.65973948,5,10,0,0,0,1
17,0,33,40.63421632,-8.65973856,5,10,0,0,0,1
17,0,33,40.63421632,-8.65973948,5,10,0,0,0,1
17,0,34,40.63421632,-8.65973948,5,10,0,0,0,1
17,0,34,40.63421632,-8.65973856,5,10,0,0,0,1
17,0,34,40.63421632,-8.65973948,5,10,0,0,0,1
17,0,35,40.63421632,-8.65973948,5,10,0,0,0,1
17,0,35,40.63421632,-8.65973856,5,10,0,0,0,1
17,0,35,40.63421632,-8.65973948,5,10,0,0,0,1
17,0,36,40.63421632,-8.65973948,5,10,0,0,0,1
17,0,36,40.63421632,-8.65973856,5,10,0,0,0,1
17,0,36,40.63421632,-8.65973948,5,10,0,0,0,1
17,0,37,40.63421632,-8.65973948,5,10,0,0,0,1
17,0,37,40.63421632,-8.65973856,5,10,0,0,0,1
17,0,37,40.63421632,-8.65973948,5,10,0,0,0,1
17,0,38,40.63421632,-8.65973948,5,10,0,0,0,1
17,0,38,40.63421632,-8.65973856,5,10,0,0,0,1
17,0,38,40.63421632,-8.65973948,5,10,0,0,0,1
17,0,39,40.63421632,-8.65973948,5,10,0,0,0,1
17,0,39,40.63421632,-8.65973856,5,10,0,0,0,1
17,0,39,40.63421632,-8.65973948,5,10,0,0,0,1
17,0,40,40.63421632,-8.65973948,5,10,0,0,0,1
17,0,40,40.63421632,-8.65973856,5,10,0,0,0,1
17,0,40,40.63421632,-8.65973948,5,10,0,0,0,1
17,0,41,40.63421632,-8.65973948,5,11,0,0,0,1
17,0,41,40.63421632,-8.65973856,5,10,0,0,0,1
17,0,41,40.63421632,-8.65973948,5,10,0,0,0,1
17,0,42,40.63421632,-8.65973948,5,11,0,0,0,1
17,0,42,40.63421632,-8.65973856,5,11,0,0,0,1
17,0,42,40.63421632,-8.65973948,5,11,0,0,0,1
17,0,43,40.63421632,-8.65973948,5,11,0,0,0,1
17,0,43,40.63421632,-8.65973856,5,11,0,0,0,1
17,0,43,40.63421632,-8.65973948,5,11,0,0,0,1
17,0,44,40.63421632,-8.65973948,5,11,0,0,0,1
17,0,44,40.63421632,-8.65973856,5,11,0,0,0,1
17,0,44,40.63421632,-8.65973948,5,11,0,0,0,1
17,0,45,40.63421632,-8.65973948,5,11,0,0,0,1
17,0,45,40.63421632,-8.65973856,5,11,0,0,0,1
17,0,45,40.63421632,-8.65973948,5,11,0,0,0,1
17,0,46,40.63421632,-8.65973948,5,11,0,0,0,1
17,0,46,40.63421632,-8.65973856,5,11,0,0,0,1
17,0,46,40.63421632,-8.65973948,5,11,0,1,0,1
17,0,47,40.63421632,-8.65973948,5,20,0,0,0,1
17,0,47,40.63421632,-8.65973948,5,20,0,0,0,1
17,0,47,40.63421632,-8.65973948,5,20,0,0,0,1
17,0,48,40.63421632,-8.65973948,5,20,0,0,0,1
17,0,48,40.63421632,-8.65973948,5,21,0,0,0,1
17,0,48,40.63421632,-8.65973948,5,21,0,0,0,1
17,0,49,40.63421632,-8.65973948,5,21,0,0,0,1
17,0,49,40.63421632,-8.65973948,5,21,0,0,0,1
17,0,49,40.63421632,-8.65973948,5,21,0,0,0,1
17,0,50,40.63421632,-8.65973948,5,22,0,0,0,1
17,0,50,40.63421632,-8.65973948,5,22,0,0,0,1
17,0,50,40.63421632,-8.65973948,5,22,0,0,0,1
17,0,51,40.63421632,-8.65973948,5,16,0,0,0,1
17,0,51,40.63421632,-8.65973948,5,16,0,0,0,1
17,0,51,40.63421632,-8.65973948,5,16,0,0,0,1
17,0,52,40.63421632,-8.65973948,5,16,0,0,0,1
17,0,52,40.63421632,-8.65973948,5,17,0,0,0,1
17,0,52,40.63421632,-8.65973948,5,16,0,0,0,1
17,0,53,40.63421632,-8.65973948,5,16,0,0,0,1
17,0,53,40.63421632,-8.65973948,5,17,0,0,0,1
17,0,53,40.63421632,-8.65974044,5,17,0,0,0,1
17,0,54,40.63421632,-8.65974044,5,13,0,0,0,1
17,0,54,40.63421632,-8.65973948,5,13,0,0,0,1
17,0,54,40.63421632,-8.65973948,5,13,0,0,0,1
17,0,55,40.63421632,-8.65973948,5,13,0,0,0,1
17,0,55,40.63421632,-8.65973948,5,13,0,0,0,1
17,0,55,40.63421632,-8.65973948,5,13,0,0,0,1
17,0,56,40.63421632,-8.65973948,5,13,0,0,0,1
17,0,56,40.63421632,-8.65973948,5,13,0,0,0,1
17,0,56,40.63421632,-8.65973948,5,13,0,0,0,1
17,0,57,40.63421632,-8.65973948,5,13,0,0,0,1
17,0,57,40.63421632,-8.65973948,5,13,0,0,0,1
17,0,57,40.63421632,-8.65973948,5,13,0,0,0,1
17,0,58,40.63421632,-8.65973948,5,13,0,0,0,1
17,0,58,40.63421632,-8.65973948,5,13,0,0,0,1
17,0,58,40.63421632,-8.65973948,5,13,0,0,0,1
17,0,59,40.63421632,-8.65973948,5,13,0,0,0,1
17,0,59,40.63421632,-8.65973948,5,13,0,0,0,1
17,0,59,40.63421632,-8.65973948,5,13,0,0,0,1
17,1,0,40.63421632,-8.65973948,5,13,0,0,0,1
17,1,0,40.63421632,-8.65973948,5,13,0,0,0,1
17,1,0,40.63421632,-8.65973948,5,13,0,0,0,1
17,1,1,40.63421632,-8.65973948,5,13,0,0,0,1
17,1,1,40.63421632,-8.65973948,5,18,0,0,0,1
17,1,1,40.63421632,-8.65973948,5,18,0,0,0,1
17,1,2,40.63421632,-8.65973948,5,17,0,0,0,1
17,1,2,40.63421632,-8.65973948,5,18,0,0,0,1
17,1,2,40.63421632,-8.65974044,5,18,0,0,0,1
17,1,3,40.63421632,-8.65974044,5,18,0,0,0,1
17,1,3,40.63421632,-8.65973948,5,18,0,0,0,1
17,1,3,40.63421632,-8.65974044,5,18,0,0,0,1
17,1,4,40.63421632,-8.65974044,5,18,0,0,0,1
17,1,4,40.63421632,-8.65973948,5,18,0,0,0,1
17,1,4,40.63421632,-8.65974044,5,18,0,0,0,1
17,1,5,40.63421632,-8.65974044,5,20,0,0,0,1
17,1,5,40.63421632,-8.65973948,5,20,0,0,0,1
17,1,5,40.63421632,-8.65974044,5,20,0,0,0,1
17,1,6,40.63421632,-8.65974044,5,20,0,0,0,1
17,1,6,40.63421632,-8.65973948,5,20,0,0,0,1
17,1,6,40.63421632,-8.65974044,5,20,0,0,0,1
17,1,7,40.63421632,-8.65974044,5,20,0,0,0,1
17,1,7,40.63421632,-8.65973948,5,20,0,0,0,1
17,1,7,40.63421632,-8.65974044,5,20,0,0,0,1
17,1,8,40.63421632,-8.65974044,5,20,0,0,0,1
17,1,8,40.63421632,-8.65973948,5,20,0,0,0,1
17,1,8,40.63421632,-8.65974044,5,20,0,0,0,1
17,1,9,40.63421632,-8.65974044,5,13,0,0,0,1
17,1,9,40.63421632,-8.65973948,5,12,0,0,0,1
17,1,9,40.63421632,-8.65974044,5,12,0,0,0,1
17,1,10,40.63421632,-8.65974044,5,13,0,0,0,1
17,1,10,40.63421632,-8.65973948,5,12,0,0,0,1
17,1,10,40.63421632,-8.65974044,5,12,0,0,0,1
17,1,11,40.63421632,-8.65974044,5,12,0,0,0,1
17,1,11,40.63421632,-8.65973948,5,12,0,0,0,1
17,1,11,40.63421632,-8.65974044,5,12,0,0,0,1
17,1,12,40.63421632,-8.65974044,5,12,0,0,0,1
17,1,12,40.63421632,-8.65973948,5,12,0,0,0,1
17,1,12,40.63421632,-8.65973948,5,12,0,0,0,1
17,1,13,40.63421632,-8.65973948,5,11,0,0,0,1
17,1,13,40.63421632,-8.65973948,5,11,0,0,0,1
17,1,13,40.63421632,-8.65973948,5,11,0,0,0,1
17,1,14,40.63421632,-8.65973948,5,11,0,0,0,1
17,1,14,40.63421632,-8.65973948,5,11,0,0,0,1
17,1,14,40.63421632,-8.65973948,5,11,0,0,0,1
17,1,15,40.63421632,-8.65973948,5,17,0,0,0,1
17,1,15,40.63421632,-8.65973948,5,17,0,0,0,1
17,1,15,40.63421632,-8.65973948,5,17,0,0,0,1
17,1,16,40.63421632,-8.65973948,5,17,0,0,0,1
17,1,16,40.63421632,-8.65973948,5,16,0,0,0,1
17,1,16,40.63421632,-8.65973948,5,16,0,0,0,1
17,1,17,40.63421632,-8.65973948,5,17,0,0,0,1
17,1,17,40.63421632,-8.65973948,5,17,0,0,0,1
17,1,17,40.63421632,-8.65973948,5,17,0,0,0,1
17,1,18,40.63421632,-8.65973948,5,17,0,0,0,1
17,1,18,40.63421632,-8.65973948,5,17,0,0,0,1
17,1,18,40.63421632,-8.65973948,5,17,0,0,0,1
17,1,19,40.63421632,-8.65973948,5,17,0,0,0,1
17,1,19,40.63421632,-8.65973948,5,17,0,0,0,1
17,1,19,40.63421632,-8.65974044,5,17,0,0,0,1
17,1,20,40.63421632,-8.65974044,5,17,0,0,0,1
17,1,20,40.63421632,-8.65973948,5,17,0,0,0,1
17,1,20,40.63421632,-8.65974044,5,17,0,0,0,1
17,1,21,40.63421632,-8.65974044,5,17,0,0,0,1
17,1,21,40.63421632,-8.65973948,5,17,0,0,0,1
17,1,21,40.63421632,-8.65973948,5,17,0,0,0,1
17,1,22,40.63421632,-8.65973948,5,17,0,0,0,1
17,1,22,40.63421632,-8.65973948,5,17,0,0,0,1
17,1,22,40.63421632,-8.65973948,5,17,0,0,0,1
17,1,23,40.63421632,-8.65973948,5,17,0,0,0,1
17,1,23,40.63421632,-8.65973948,5,17,0,0,0,1
17,1,23,40.63421632,-8.65973948,5,17,0,0,0,1
17,1,24,40.63421632,-8.65973948,5,17,0,0,0,1
17,1,24,40.63421632,-8.65973948,5,19,0,0,0,1
17,1,24,40.63421632,-8.65973948,5,19,0,0,0,1
17,1,25,40.63421632,-8.65973948,5,17,0,0,0,1
17,1,25,40.63421632,-8.65973948,5,17,0,0,0,1
17,1,25,40.63421632,-8.65973948,5,17,0,0,0,1
17,1,26,40.63421632,-8.65973948,5,17,0,0,0,1
17,1,26,40.63421632,-8.65973948,5,17,0,0,0,1
17,1,26,40.63421632,-8.65973948,5,17,0,0,0,1
17,1,27,40.63421632,-8.65973948,5,17,0,0,0,1
17,1,27,40.63421632,-8.65973948,5,17,0,0,0,1
17,1,27,40.63421632,-8.65973948,5,17,0,0,0,1
17,1,28,40.63421632,-8.65973948,5,17,0,0,0,1
17,1,28,40.63421632,-8.65973948,5,17,0,0,0,1
17,1,28,40.63421632,-8.65973948,5,15,0,0,0,1
17,1,29,40.63421632,-8.65973948,5,15,0,0,0,1
17,1,29,40.63421632,-8.65973948,5,15,0,0,0,1
17,1,29,40.63421632,-8.65973948,5,15,0,0,0,1
17,1,30,40.63421632,-8.65973948,5,15,0,0,0,1
17,1,30,40.63421632,-8.65973948,5,15,0,0,0,1
17,1,30,40.63421632,-8.65973948,5,15,0,0,0,1
17,1,31,40.63421632,-8.65973948,5,15,0,0,0,1
17,1,31,40.63421632,-8.65973948,5,15,0,0,0,1
17,1,31,40.63421632,-8.65973948,5,15,0,0,0,1
17,1,32,40.63421632,-8.65973948,5,15,0,0,0,1
17,1,32,40.63421632,-8.65973948,5,15,0,0,0,1
17,1,32,40.63421632,-8.65973948,5,15,0,0,0,1
17,1,33,40.63421632,-8.65973948,5,15,0,0,0,1
17,1,33,40.63421632,-8.65973948,5,15,0,0,0,1
17,1,33,40.63421632,-8.65973948,5,15,0,0,0,1
17,1,34,40.63421632,-8.65973948,5,15,0,0,0,1
17,1,34,40.63421632,-8.65973948,5,15,0,0,0,1
17,1,34,40.63421632,-8.65973948,5,15,0,0,0,1
17,1,35,40.63421632,-8.65973948,5,13,0,0,0,1
17,1,35,40.63421632,-8.65973948,5,13,0,0,0,1
17,1,35,40.63421632,-8.65973948,5,13,0,0,0,1
17,1,36,40.63421632,-8.65973948,5,13,0,0,0,1
17,1,36,40.63421632,-8.65973948,5,13,0,0,0,1
17,1,36,40.63421632,-8.65973948,5,13,0,0,0,1
17,1,37,40.63421632,-8.65973948,5,14,0,0,0,1
17,1,37,40.63421632,-8.65973948,5,14,0,0,0,1
17,1,37,40.63421632,-8.65973948,5,14,0,0,0,1
17,1,38,40.63421632,-8.65973948,5,14,0,0,0,1
17,1,38,40.63421632,-8.65973948,5,14,0,0,0,1
17,1,38,40.63421632,-8.65973948,5,14,0,0,0,1
17,1,39,40.63421632,-8.65973948,5,14,0,0,0,1
17,1,39,40.63421632,-8.65973948,5,10,0,0,0,1
17,1,39,40.63421632,-8.65973948,5,10,0,0,0,1
17,1,40,40.63421632,-8.65973948,5,12,0,0,0,1
17,1,40,40.63421632,-8.65973948,5,12,0,0,0,1
17,1,40,40.63421632,-8.65973948,5,12,0,0,0,1
17,1,41,40.63421632,-8.65973948,5,11,0,0,0,1
17,1,41,40.63421632,-8.65973948,5,11,0,0,0,1
17,1,41,40.63421632,-8.65973948,5,11,0,0,0,1
17,1,42,40.63421632,-8.65973948,5,11,0,0,0,1
17,1,42,40.63421632,-8.65973948,5,11,0,0,0,1
17,1,42,40.63421632,-8.65973948,5,13,0,0,0,1
17,1,43,40.63421632,-8.65973948,5,14,0,0,0,1
17,1,43,40.63421632,-8.65973948,5,14,0,0,0,1
17,1,43,40.63421632,-8.65973948,5,14,0,0,0,1
17,1,44,40.63421632,-8.65973948,5,14,0,0,0,1
17,1,44,40.63421632,-8.65973948,5,14,0,0,0,1
17,1,44,40.63421632,-8.65973948,5,14,0,0,0,1
17,1,45,40.63421632,-8.65973948,5,14,0,0,0,1
17,1,45,40.63421632,-8.65973948,5,14,0,0,0,1
17,1,45,40.63421632,-8.65973948,5,14,0,0,0,1
17,1,46,40.63421632,-8.65973948,5,14,0,0,0,1
17,1,46,40.63421632,-8.65973948,5,14,0,0,0,1
17,1,46,40.63421632,-8.65973948,5,14,0,0,0,1
17,1,47,40.63421632,-8.65973948,5,14,0,0,0,1
17,1,47,40.63421632,-8.65973856,5,14,0,0,0,1
17,1,47,40.63421632,-8.65973948,5,14,0,0,0,1
17,1,48,40.63421632,-8.65973948,5,14,0,0,0,1
17,1,48,40.63421632,-8.65973948,5,13,0,0,0,1
17,1,48,40.63421632,-8.65973948,5,13,0,0,0,1
17,1,49,40.63421632,-8.65973948,5,15,0,0,0,1
17,1,49,40.63421632,-8.65973948,5,15,0,0,0,1
17,1,49,40.63421632,-8.65973948,5,15,0,0,0,1
17,1,50,40.63421632,-8.65973948,5,15,0,0,0,1
17,1,50,40.63421632,-8.65973948,5,15,0,0,0,1
17,1,50,40.63421632,-8.65973948,5,15,0,0,0,1
17,1,51,40.63421632,-8.65973948,5,15,0,0,0,1
17,1,51,40.63421632,-8.65973856,5,16,0,0,0,1
17,1,51,40.63421632,-8.65973948,5,16,0,0,0,1
17,1,52,40.63421632,-8.65973948,5,15,0,0,0,1
17,1,52,40.63421632,-8.65973856,5,15,0,0,0,1
17,1,52,40.63421632,-8.65973856,5,15,0,0,0,1
17,1,53,40.63421632,-8.65973948,5,15,0,0,0,1
17,1,53,40.63421632,-8.65973856,5,15,0,0,0,1
17,1,53,40.63421632,-8.65973856,5,15,0,0,0,1
17,1,54,40.63421632,-8.65973948,5,15,0,0,0,1
17,1,54,40.63421632,-8.65973856,5,15,0,0,0,1
17,1,54,40.63421632,-8.65973856,5,15,0,0,0,1
17,1,55,40.63421632,-8.65973948,5,15,0,0,0,1
17,1,55,40.63421632,-8.65973856,5,15,0,0,0,1
17,1,55,40.63421632,-8.65973856,5,15,0,0,0,1
17,1,55,40.63421632,-8.65973948,5,15,0,0,0,1
17,1,56,40.63421632,-8.65973856,5,15,0,0,0,1
17,1,56,40.63421632,-8.65973856,5,15,0,0,0,1
17,1,56,40.63421632,-8.65973948,5,15,0,0,0,1
17,1,57,40.63421632,-8.65973856,5,15,0,0,0,1
17,1,57,40.63421632,-8.65973856,5,15,0,0,0,1
17,1,58,40.63421632,-8.65973948,5,15,0,0,0,1
17,1,58,40.63421632,-8.65973856,5,15,0,0,0,1
17,1,58,40.63421632,-8.65973856,5,15,0,0,0,1
17,1,58,40.63421632,-8.65973948,5,15,0,0,0,1
17,1,59,40.63421632,-8.65973856,5,15,0,0,0,1
17,1,59,40.63421632,-8.65973856,5,15,0,0,0,1
17,1,59,40.63421632,-8.65973948,5,16,0,0,0,1
17,2,0,40.63421632,-8.65973856,5,16,0,0,0,1
17,2,0,40.63421632,-8.65973856,5,16,0,0,0,1
17,2,0,40.63421632,-8.65973948,5,15,0,0,0,1
17,2,1,40.63421632,-8.65973856,5,15,0,0,0,1
17,2,1,40.63421632,-8.65973856,5,15,0,0,0,1
17,2,1,40.63421632,-8.65973948,5,15,0,0,0,1
17,2,2,40.63421632,-8.65973856,5,15,0,0,0,1
17,2,2,40.63421632,-8.65973856,5,15,0,0,0,1
17,2,2,40.63421632,-8.65973948,5,15,0,0,0,1
17,2,3,40.63421632,-8.65973856,5,15,0,0,0,1
17,2,3,40.63421632,-8.65973856,5,15,0,0,0,1
17,2,3,40.63421632,-8.65973948,5,15,0,0,0,1
17,2,4,40.63421632,-8.65973856,5,15,0,0,0,1
17,2,4,40.63421632,-8.65973856,5,15,0,1,0,1
17,2,4,40.63421632,-8.65973948,5,15,0,0,0,1
17,2,5,40.63421632,-8.65973856,5,15,0,0,0,1
17,2,5,40.63421632,-8.65973856,5,15,0,0,0,1
17,2,5,40.63421632,-8.65973948,5,15,0,0,0,1
17,2,6,40.63421632,-8.65973856,5,15,0,0,0,1
17,2,6,40.63421632,-8.65973856,5,15,0,0,0,1
17,2,6,40.63421632,-8.65973948,5,15,0,0,0,1
17,2,7,40.63421632,-8.65973856,5,11,0,0,0,1
17,2,7,40.63421632,-8.65973856,5,11,0,0,0,1
17,2,7,40.63421632,-8.65973948,5,12,0,0,0,1
17,2,8,40.63421632,-8.65973856,5,11,0,0,0,1
17,2,8,40.63421632,-8.65973856,5,11,0,0,0,1
17,2,8,40.63421632,-8.65973948,5,11,0,0,0,1
17,2,9,40.63421632,-8.65973856,5,12,0,0,0,1
17,2,9,40.63421632,-8.65973856,5,12,0,0,0,1
17,2,9,40.63421632,-8.65973948,5,11,0,0,0,1
17,2,10,40.63421632,-8.65973856,5,11,0,0,0,1
17,2,10,40.63421632,-8.65973856,5,11,0,0,0,1
17,2,10,40.63421632,-8.65973948,5,11,0,0,0,1
17,2,11,40.63421632,-8.65973856,5,11,0,0,0,1
17,2,11,40.63421632,-8.65973856,5,11,0,0,0,1
17,2,11,40.63421632,-8.65973948,5,11,0,0,0,1
17,2,12,40.63421632,-8.65973856,5,11,0,0,0,1
17,2,12,40.63421632,-8.65973856,5,11,0,0,0,1
17,2,12,40.63421632,-8.65973948,5,11,0,0,0,1
17,2,13,40.63421632,-8.65973856,5,11,0,0,0,1
17,2,13,40.63421632,-8.65973856,5,11,0,0,0,1
17,2,13,40.63421632,-8.65973948,5,11,0,0,0,1
17,2,14,40.63421632,-8.65973856,5,11,0,0,0,1
17,2,14,40.63421632,-8.65973856,5,11,0,0,0,1
17,2,14,40.63421632,-8.65973948,5,11,0,0,0,1
17,2,15,40.63421632,-8.65973856,5,11,0,0,0,1
17,2,15,40.63421632,-8.65973856,5,11,0,0,0,1
17,2,15,40.63421632,-8.65973948,5,11,0,0,0,1
17,2,16,40.63421632,-8.65973856,5,15,0,0,0,1
17,2,16,40.63421632,-8.65973856,5,15,0,0,0,1
17,2,16,40.63421632,-8.65973948,5,15,0,0,0,1
17,2,17,40.63421632,-8.65973856,5,15,0,0,0,1
17,2,17,40.63421632,-8.65973856,5,15,0,0,0,1
17,2,17,40.63421632,-8.65973948,5,15,0,0,0,1
17,2,18,40.63421632,-8.65973856,5,15,0,0,0,1
17,2,18,40.63421632,-8.65973856,5,15,0,0,0,1
17,2,18,40.63421632,-8.65973948,5,15,0,0,0,1
17,2,19,40.63421632,-8.65973856,5,15,0,0,0,1
17,2,19,40.63421632,-8.65973856,5,15,0,0,0,1
17,2,19,40.63421632,-8.65973948,5,15,0,0,0,1
17,2,20,40.63421632,-8.65973856,5,15,0,0,0,1
17,2,20,40.63421632,-8.65973856,5,15,0,0,0,1
17,2,20,40.63421632,-8.65973948,5,15,0,0,0,1
17,2,21,40.63421632,-8.65973856,5,15,0,0,0,1
17,2,21,40.63421632,-8.65973856,5,15,0,0,0,1
17,2,21,40.63421632,-8.65973948,5,15,0,0,0,1
17,2,22,40.63421632,-8.65973856,5,15,0,0,0,1
17,2,22,40.63421632,-8.65973856,5,15,0,0,0,1
17,2,22,40.63421632,-8.65973948,5,15,0,0,0,1
17,2,23,40.63421632,-8.65973856,5,15,0,0,0,1
17,2,23,40.63421632,-8.65973856,5,15,0,0,0,1
17,2,23,40.63421632,-8.65973948,5,16,0,0,0,1
17,2,24,40.63421632,-8.65973856,5,16,0,0,0,1
17,2,24,40.63421632,-8.65973856,5,15,0,0,0,1
17,2,24,40.63421632,-8.65973948,5,16,0,0,0,1
17,2,25,40.63421632,-8.65973856,5,16,0,0,0,1
17,2,25,40.63421632,-8.65973856,5,16,0,0,0,1
17,2,25,40.63421632,-8.65973948,5,16,0,0,0,1
17,2,26,40.63421632,-8.65973856,5,16,0,0,0,1
17,2,26,40.63421632,-8.65973856,5,16,0,0,0,1
17,2,26,40.63421632,-8.65973948,5,14,0,0,0,1
17,2,27,40.63421632,-8.65973856,5,14,0,1,0,1
17,2,27,40.63421632,-8.65973856,5,14,0,0,0,1
17,2,27,40.63421632,-8.65973948,5,10,0,0,0,1
17,2,28,40.63421632,-8.65973856,5,10,0,0,0,1
17,2,28,40.63421632,-8.65973856,5,10,0,0,0,1
17,2,28,40.63421632,-8.65973948,5,10,0,0,0,1
17,2,29,40.63421632,-8.65973856,5,10,0,0,0,1
17,2,29,40.63421632,-8.65973856,5,10,0,0,0,1
17,2,29,40.63421632,-8.65973948,5,10,0,0,0,1
17,2,30,40.63421632,-8.65973856,5,10,0,0,0,1
17,2,30,40.63421632,-8.65973856,5,10,0,0,0,1
17,2,30,40.63421632,-8.65973948,5,11,0,0,0,1
17,2,31,40.63421632,-8.65973856,5,11,0,0,0,1
17,2,31,40.63421632,-8.65973856,5,10,0,0,0,1
17,2,31,40.63421632,-8.65973948,5,11,0,0,0,1
17,2,32,40.63421632,-8.65973856,5,11,0,0,0,1
17,2,32,40.63421632,-8.65973856,5,11,0,0,0,1
17,2,32,40.63421632,-8.65973948,5,11,0,0,0,1
17,2,33,40.63421632,-8.65973856,5,11,0,0,0,1
17,2,33,40.63421632,-8.65973856,5,11,0,0,0,1
17,2,33,40.63421632,-8.65973948,5,11,0,0,0,1
17,2,34,40.63421632,-8.65973856,5,10,0,0,0,1
17,2,34,40.63421632,-8.65973856,5,10,0,0,0,1
17,2,34,40.63421632,-8.65973948,5,10,0,0,0,1
17,2,35,40.63421632,-8.65973856,5,10,0,0,0,1
17,2,35,40.63421632,-8.65973856,5,10,0,0,0,1
17,2,35,40.63421632,-8.65973948,5,11,0,0,0,1
17,2,36,40.63421632,-8.65973856,5,11,0,0,0,1
17,2,36,40.63421632,-8.65973856,5,11,0,0,0,1
17,2,36,40.63421632,-8.65973948,5,11,0,0,0,1
17,2,37,40.63421632,-8.65973856,5,11,0,0,0,1
17,2,37,40.63421632,-8.65973856,5,11,0,0,0,1
17,2,37,40.63421632,-8.65973948,5,11,0,0,0,1
17,2,38,40.63421632,-8.65973856,5,11,0,0,0,1
17,2,38,40.63421632,-8.65973856,5,11,0,0,0,1
17,2,38,40.63421632,-8.65973948,5,12,0,0,0,1
17,2,39,40.63421632,-8.65973856,5,12,0,0,0,1
17,2,39,40.63421632,-8.65973856,5,11,0,0,0,1
17,2,39,40.63421632,-8.65973856,5,11,0,0,0,1
17,2,40,40.63421632,-8.65973856,5,12,0,0,0,1
17,2,40,40.63421632,-8.65973856,5,12,0,0,0,1
17,2,40,40.63421632,-8.65973948,5,12,0,0,0,1
17,2,41,40.63421632,-8.65973856,5,12,0,0,0,1
17,2,41,40.63421632,-8.65973856,5,12,0,0,0,1
17,2,41,40.63421632,-8.65973948,5,12,0,0,0,1
17,2,42,40.63421632,-8.65973856,5,12,0,0,0,1
17,2,42,40.63421632,-8.65973856,5,12,0,0,0,1
17,2,42,40.63421632,-8.65973948,5,12,0,0,0,1
17,2,43,40.63421632,-8.65973856,5,12,0,0,0,1
17,2,43,40.63421632,-8.65973856,5,12,0,0,0,1
17,2,43,40.63421632,-8.65973948,5,12,0,0,0,1
17,2,44,40.63421632,-8.65973856,5,12,0,0,0,1
17,2,44,40.63421632,-8.65973856,5,12,0,0,0,1
17,2,44,40.63421632,-8.65973948,5,12,0,0,0,1
17,2,45,40.63421632,-8.65973856,5,12,0,0,0,1
17,2,45,40.63421632,-8.65973856,5,12,0,0,0,1
17,2,45,40.63421632,-8.65973948,5,12,0,0,0,1
17,2,46,40.63421632,-8.65973856,5,12,0,0,0,1
17,2,46,40.63421632,-8.65973856,5,12,0,0,0,1
17,2,46,40.63421632,-8.65973856,5,12,0,0,0,1
17,2,47,40.63421632,-8.65973856,5,12,0,0,0,1
17,2,47,40.63421632,-8.65973856,5,12,0,0,0,1
17,2,47,40.63421632,-8.65973856,5,12,0,0,0,1
17,2,48,40.63421632,-8.65973856,5,12,0,0,0,1
17,2,48,40.63421632,-8.65973856,5,12,0,0,0,1
17,2,48,40.63421632,-8.65973856,5,12,0,0,0,1
17,2,49,40.63421632,-8.65973856,5,12,0,0,0,1
17,2,49,40.63421632,-8.65973856,5,12,0,0,0,1
17,2,49,40.63421632,-8.65973856,5,12,0,0,0,1
17,2,50,40.63421632,-8.65973856,5,12,0,0,0,1
17,2,50,40.63421632,-8.65973856,5,12,0,0,0,1
17,2,50,40.63421632,-8.65973856,5,12,0,0,0,1
17,2,51,40.63421632,-8.65973856,5,12,0,0,0,1
17,2,51,40.63421632,-8.65973856,5,12,0,0,0,1
17,2,51,40.63421632,-8.65973856,5,12,0,0,0,1
17,2,52,40.63421632,-8.65973856,5,12,0,0,0,1
17,2,52,40.63421632,-8.65973856,5,12,0,0,0,1
17,2,52,40.63421632,-8.65973856,5,14,0,0,0,1
17,2,53,40.63421632,-8.65973856,5,14,0,0,0,1
17,2,53,40.63421632,-8.65973856,5,14,0,0,0,1
17,2,53,40.63421632,-8.65973856,5,14,0,0,0,1
17,2,54,40.63421632,-8.65973856,5,14,0,0,0,1
17,2,54,40.63421632,-8.65973856,5,16,0,0,0,1
17,2,54,40.63421632,-8.65973856,5,16,0,0,0,1
17,2,55,40.63421632,-8.65973856,5,16,0,0,0,1
17,2,55,40.63421632,-8.65973856,5,16,0,0,0,1
17,2,55,40.63421632,-8.65973856,5,16,0,0,0,1
17,2,56,40.63421632,-8.65973856,5,16,0,0,0,1
17,2,56,40.63421632,-8.65973856,5,16,0,0,0,1
17,2,56,40.63421632,-8.65973856,5,16,0,0,0,1
17,2,57,40.63421632,-8.65973856,5,16,0,0,0,1
17,2,57,40.63421632,-8.65973856,5,16,0,0,0,1
17,2,57,40.63421632,-8.65973856,5,17,0,0,0,1
17,2,58,40.63421632,-8.65973856,5,17,0,0,0,1
17,2,58,40.63421632,-8.65973856,5,16,0,0,0,1
17,2,58,40.63421632,-8.65973856,5,17,0,0,0,1
17,2,59,40.63421632,-8.65973856,5,17,0,0,0,1
17,2,59,40.63421632,-8.65973856,5,17,0,0,0,1
17,2,59,40.63421632,-8.65973856,5,17,0,0,0,1
17,3,0,40.63421632,-8.65973856,5,17,0,0,0,1
17,3,0,40.63421632,-8.65973856,5,17,0,0,0,1
17,3,0,40.63421632,-8.65973856,5,17,0,0,0,1
17,3,1,40.63421632,-8.65973856,5,17,0,0,0,1
17,3,1,40.63421632,-8.65973856,5,17,0,0,0,1
17,3,1,40.63421632,-8.65973856,5,17,0,0,0,1
17,3,2,40.63421632,-8.65973856,5,17,0,0,0,1
17,3,2,40.63421632,-8.65973856,5,17,0,0,0,1
17,3,2,40.63421632,-8.65973856,5,15,0,0,0,1
17,3,3,40.63421632,-8.65973856,5,15,0,0,0,1
17,3,3,40.63421632,-8.65973856,5,14,0,0,0,1
17,3,3,40.63421632,-8.65973856,5,15,0,0,0,1
17,3,4,40.63421632,-8.65973856,5,15,0,0,0,1
17,3,4,40.63421632,-8.65973856,5,15,0,0,0,1
17,3,4,40.63421632,-8.65973856,5,15,0,0,0,1
17,3,5,40.63421632,-8.65973856,5,15,0,0,0,1
17,3,5,40.63421632,-8.65973856,5,15,0,0,0,1
17,3,5,40.63421632,-8.65973856,5,15,0,0,0,1
17,3,6,40.63421632,-8.65973856,5,15,0,0,0,1
17,3,6,40.63421632,-8.65973856,5,15,0,0,0,1
17,3,6,40.63421632,-8.65973856,5,15,0,0,0,1
17,3,7,40.63421632,-8.65973760,5,15,0,0,0,1
17,3,7,40.63421632,-8.65973760,5,10,0,0,0,1
17,3,7,40.63421632,-8.65973856,5,10,0,0,0,1
17,3,8,40.63421632,-8.65973760,5,10,0,0,0,1
17,3,8,40.63421632,-8.65973760,5,10,0,0,0,1
17,3,8,40.63421632,-8.65973856,5,10,0,0,0,1
17,3,9,40.63421632,-8.65973760,5,10,0,0,0,1
17,3,9,40.63421632,-8.65973760,5,10,0,0,0,1
17,3,9,40.63421632,-8.65973856,5,10,0,0,0,1
17,3,10,40.63421632,-8.65973760,5,10,0,0,0,1
17,3,10,40.63421632,-8.65973760,5,10,0,0,0,1
17,3,10,40.63421632,-8.65973856,5,10,0,0,0,1
17,3,11,40.63421632,-8.65973856,5,11,0,0,0,1
17,3,11,40.63421632,-8.65973856,5,11,0,0,0,1
17,3,11,40.63421632,-8.65973856,5,11,0,0,0,1
17,3,12,40.63421632,-8.65973856,5,11,0,0,0,1
17,3,12,40.63421632,-8.65973856,5,11,0,0,0,1
17,3,12,40.63421632,-8.65973856,5,11,0,0,0,1
17,3,13,40.63421632,-8.65973856,5,11,0,0,0,1
17,3,13,40.63421632,-8.65973856,5,11,0,0,0,1
17,3,13,40.63421632,-8.65973856,5,11,0,0,0,1
17,3,14,40.63421632,-8.65973856,5,11,0,0,0,1
17,3,14,40.63421632,-8.65973856,5,10,0,0,0,1
17,3,14,40.63421632,-8.65973856,5,10,0,0,0,1
17,3,15,40.63421632,-8.65973760,5,11,0,0,0,1
