12,27,28,40.63425828,-8.66019060,1,0,0,0,0,1
12,27,29,40.63425828,-8.66018200,1,0,0,0,0,1
12,27,29,40.63425828,-8.66017532,1,0,0,0,0,1
12,27,29,40.63425828,-8.66017056,1,0,0,0,0,1
12,27,30,40.63425828,-8.66016292,1,0,0,0,0,1
12,27,30,40.63425828,-8.66016008,1,0,0,0,0,1
12,27,30,40.63425828,-8.66015436,1,0,0,0,0,1
12,27,31,40.63425828,-8.66015148,2,0,0,0,0,1
12,27,31,40.63426588,-8.66014672,2,0,0,0,0,1
12,27,31,40.63426588,-8.66014384,2,0,0,0,0,1
12,27,32,40.63426588,-8.66014004,2,0,0,0,0,1
12,27,32,40.63426588,-8.66013812,2,0,0,0,0,1
12,27,32,40.63426588,-8.66013624,2,0,0,0,0,1
12,27,33,40.63426588,-8.66013240,2,0,0,0,0,1
12,27,33,40.63426588,-8.66013052,2,0,0,0,0,1
12,27,33,40.63426588,-8.66012956,2,0,0,0,0,1
12,27,34,40.63426588,-8.66012860,2,0,0,0,0,1
12,27,34,40.63426588,-8.66012764,2,0,0,0,0,1
12,27,35,40.63426588,-8.66012476,2,0,0,0,0,1
12,27,35,40.63426588,-8.66012476,2,0,0,0,0,1
12,27,35,40.63426588,-8.66012476,2,0,0,0,0,1
12,27,36,40.63426588,-8.66012384,2,0,0,0,0,1
12,27,36,40.63428116,-8.66013812,5,29,0,0,0,1
12,27,36,40.63427352,-8.66013240,5,29,0,0,0,1
12,27,37,40.63427352,-8.66013240,5,10,0,0,0,1
12,27,37,40.63427352,-8.66013240,5,10,0,0,0,1
12,27,37,40.63426972,-8.66013240,5,10,0,0,0,1
12,27,38,40.63426972,-8.66013240,5,10,0,0,0,1
12,27,38,40.63426972,-8.66013240,5,14,0,0,0,1
12,27,38,40.63427352,-8.66013052,5,14,0,0,0,1
12,27,39,40.63427352,-8.66013052,5,14,0,0,0,1
12,27,39,40.63427352,-8.66013052,5,12,0,0,0,1
12,27,39,40.63427352,-8.66012956,5,12,0,0,0,1
12,27,40,40.63427352,-8.66012956,5,12,0,0,0,1
12,27,40,40.63427352,-8.66012956,5,11,0,0,0,1
12,27,40,40.63428116,-8.66012956,5,11,0,0,0,1
12,27,41,40.63428116,-8.66012956,5,10,0,0,0,1
12,27,41,40.63428116,-8.66012956,5,10,0,0,0,1
12,27,41,40.63428496,-8.66012860,5,10,0,0,0,1
12,27,42,40.63428496,-8.66012860,5,10,0,0,0,1
12,27,42,40.63428496,-8.66012764,5,10,0,0,0,1
12,27,42,40.63428496,-8.66012764,5,10,0,0,0,1
12,27,43,40.63428496,-8.66012764,5,10,0,0,0,1
12,27,43,40.63428496,-8.66012764,5,10,0,0,0,1
12,27,43,40.63428496,-8.66012764,5,10,0,0,0,1
12,27,44,40.63428496,-8.66012764,5,13,0,0,0,1
12,27,44,40.63428496,-8.66012572,5,13,0,0,0,1
12,27,44,40.63428496,-8.66012572,5,13,0,0,0,1
12,27,45,40.63428496,-8.66012572,5,13,0,0,0,1
12,27,45,40.63428496,-8.66012572,5,15,0,0,0,1
12,27,45,40.63428116,-8.66012476,5,15,0,0,0,1
12,27,46,40.63428116,-8.66012476,5,15,0,0,0,1
12,27,46,40.63428116,-8.66012476,5,15,0,0,0,1
12,27,46,40.63428116,-8.66012476,5,15,0,0,0,1
12,27,47,40.63428116,-8.66012476,5,15,0,0,0,1
12,27,47,40.63428116,-8.66012476,5,15,0,0,0,1
12,27,47,40.63428116,-8.66012476,5,15,0,0,0,1
12,27,48,40.63428116,-8.66012476,5,15,0,0,0,1
12,27,48,40.63428116,-8.66012384,5,15,0,0,0,1
12,27,48,40.63428116,-8.66012384,5,15,0,0,0,1
12,27,49,40.63428116,-8.66012384,5,15,0,0,0,1
12,27,49,40.63428116,-8.66012384,5,15,0,0,0,1
12,27,49,40.63428116,-8.66012384,5,15,0,0,0,1
12,27,50,40.63428116,-8.66012384,5,11,0,0,0,1
12,27,50,40.63427352,-8.66012384,5,11,0,0,0,1
12,27,50,40.63427352,-8.66012384,5,11,0,0,0,1
12,27,51,40.63427352,-8.66012384,5,11,0,0,0,1
12,27,51,40.63427352,-8.66012192,5,11,0,0,0,1
12,27,51,40.63427352,-8.66012192,5,11,0,0,0,1
12,27,52,40.63427352,-8.66012192,5,10,0,0,0,1
12,27,52,40.63427352,-8.66012192,5,10,0,0,0,1
12,27,52,40.63427352,-8.66012192,5,10,0,0,0,1
12,27,53,40.63427352,-8.66012192,5,10,0,0,0,1
12,27,53,40.63427352,-8.66012192,5,10,0,0,0,1
12,27,53,40.63427352,-8.66012192,5,10,0,0,0,1
12,27,54,40.63427352,-8.66012192,5,10,0,0,0,1
12,27,54,40.63427352,-8.66012192,5,10,0,0,0,1
12,27,54,40.63427352,-8.66012192,5,10,0,0,0,1
12,27,55,40.63427352,-8.66012192,5,10,0,0,0,1
12,27,55,40.63427352,-8.66012192,5,10,0,0,0,1
12,27,55,40.63427352,-8.66012192,5,10,0,0,0,1
12,27,56,40.63427352,-8.66012192,5,10,0,0,0,1
12,27,56,40.63427352,-8.66012192,5,10,0,0,0,1
12,27,56,40.63427352,-8.66012192,5,10,0,0,0,1
12,27,57,40.63427352,-8.66012192,5,10,0,0,0,1
12,27,57,40.63427352,-8.66012384,5,10,0,0,0,1
12,27,57,40.63427352,-8.66012384,5,10,0,0,0,1
12,27,58,40.63427352,-8.66012384,5,10,0,0,0,1
12,27,58,40.63427352,-8.66012384,5,10,0,0,0,1
12,27,58,40.63427352,-8.66012384,5,10,0,0,0,1
12,27,59,40.63427352,-8.66012384,5,10,0,0,0,1
12,27,59,40.63427352,-8.66012384,5,10,0,0,0,1
12,27,59,40.63427352,-8.66012384,5,10,0,0,0,1
12,28,0,40.63427352,-8.66012384,5,10,0,0,0,1
12,28,0,40.63427352,-8.66012384,5,10,0,0,0,1
12,28,0,40.63427352,-8.66012384,5,10,0,0,0,1
12,28,1,40.63427352,-8.66012384,5,10,0,0,0,1
12,28,1,40.63427352,-8.66012384,5,10,0,0,0,1
12,28,1,40.63427352,-8.66012384,5,10,0,0,0,1
12,28,2,40.63427352,-8.66012384,5,10,0,0,0,1
12,28,2,40.63427352,-8.66012384,5,10,0,0,0,1
12,28,2,40.63427352,-8.66012384,5,10,0,0,0,1
12,28,3,40.63427352,-8.66012384,5,10,0,0,0,1
12,28,3,40.63428116,-8.66012384,5,10,0,0,0,1
12,28,3,40.63428116,-8.66012384,5,10,0,0,0,1
12,28,4,40.63428116,-8.66012384,5,10,0,0,0,1
12,28,4,40.63428116,-8.66012192,5,10,0,0,0,1
12,28,4,40.63428116,-8.66012192,5,10,0,0,0,1
12,28,5,40.63428116,-8.66012192,5,10,0,0,0,1
12,28,5,40.63428116,-8.66012192,5,10,0,0,0,1
12,28,5,40.63428116,-8.66012384,5,10,0,0,0,1
12,28,6,40.63428116,-8.66012384,5,10,0,0,0,1
12,28,6,40.63428116,-8.66012384,5,10,0,0,0,1
12,28,6,40.63428116,-8.66012384,5,10,0,0,0,1
12,28,7,40.63428116,-8.66012384,5,10,0,0,0,1
12,28,7,40.63428116,-8.66012384,5,10,0,0,0,1
12,28,7,40.63428116,-8.66012384,5,10,0,0,0,1
12,28,8,40.63428116,-8.66012384,5,10,0,0,0,1
12,28,8,40.63428116,-8.66012384,5,10,0,0,0,1
12,28,8,40.63428116,-8.66012384,5,10,0,0,0,1
12,28,9,40.63428116,-8.66012384,5,10,0,0,0,1
12,28,9,40.63428496,-8.66012384,5,11,0,0,0,1
12,28,9,40.63428496,-8.66012384,5,11,0,0,0,1
12,28,10,40.63428496,-8.66012384,5,11,0,0,0,1
12,28,10,40.63428496,-8.66012384,5,11,0,0,0,1
12,28,10,40.63428496,-8.66012384,5,11,0,0,0,1
12,28,11,40.63428496,-8.66012384,5,11,0,0,0,1
12,28,11,40.63428496,-8.66012384,5,11,0,0,0,1
12,28,11,40.63428496,-8.66012384,5,11,0,0,0,1
12,28,12,40.63428496,-8.66012384,5,11,0,0,0,1
12,28,12,40.63428496,-8.66012384,5,11,0,0,0,1
12,28,12,40.63428496,-8.66012384,5,11,0,0,0,1
12,28,13,40.63428496,-8.66012384,5,11,0,0,0,1
12,28,13,40.63428496,-8.66012384,5,11,0,0,0,1
12,28,13,40.63428496,-8.66012384,5,11,0,0,0,1
12,28,14,40.63428496,-8.66012384,5,11,0,0,0,1
12,28,14,40.63428496,-8.66012384,5,11,0,0,0,1
12,28,14,40.63428496,-8.66012384,5,11,0,0,0,1
12,28,15,40.63428496,-8.66012384,5,11,0,0,0,1
12,28,15,40.63428496,-8.66012384,5,11,0,0,0,1
12,28,15,40.63428496,-8.66012384,5,11,0,0,0,1
12,28,16,40.63428496,-8.66012384,5,11,0,0,0,1
12,28,16,40.63428496,-8.66012384,5,10,0,0,0,1
12,28,16,40.63428496,-8.66012384,5,10,0,0,0,1
12,28,17,40.63428496,-8.66012384,5,10,0,0,0,1
12,28,17,40.63428116,-8.66012384,5,10,0,0,0,1
12,28,17,40.63428116,-8.66012384,5,10,0,0,0,1
12,28,18,40.63428116,-8.66012384,5,10,0,0,0,1
12,28,18,40.63428116,-8.66012384,5,10,0,0,0,1
12,28,18,40.63428116,-8.66012384,5,10,0,0,0,1
12,28,19,40.63428116,-8.66012384,5,10,0,0,0,1
12,28,19,40.63428116,-8.66012384,5,10,0,0,0,1
12,28,19,40.63428116,-8.66012476,5,10,0,0,0,1
12,28,20,40.63428116,-8.66012476,5,11,0,0,0,1
12,28,20,40.63428116,-8.66012476,5,11,0,0,0,1
12,28,20,40.63428116,-8.66012476,5,11,0,0,0,1
12,28,21,40.63428116,-8.66012476,5,11,0,0,0,1
12,28,21,40.63428116,-8.66012476,5,11,0,0,0,1
12,28,21,40.63428116,-8.66012476,5,11,0,0,0,1
12,28,22,40.63428116,-8.66012476,5,12,0,0,0,1
12,28,22,40.63428116,-8.66012476,5,12,0,0,0,1
12,28,22,40.63428116,-8.66012476,5,12,0,0,0,1
12,28,23,40.63428116,-8.66012476,5,12,0,0,0,1
12,28,23,40.63428116,-8.66012476,5,12,0,0,0,1
12,28,23,40.63428116,-8.66012476,5,12,0,0,0,1
12,28,24,40.63428116,-8.66012476,5,12,0,0,0,1
12,28,24,40.63428116,-8.66012476,5,12,0,0,0,1
12,28,24,40.63428116,-8.66012476,5,12,0,0,0,1
12,28,25,40.63428116,-8.66012476,5,16,0,0,0,1
12,28,25,40.63428116,-8.66012476,5,16,0,0,0,1
12,28,25,40.63427352,-8.66012476,5,16,0,0,0,1
12,28,26,40.63427352,-8.66012476,5,16,0,0,0,1
12,28,26,40.63427352,-8.66012476,5,16,0,0,0,1
12,28,26,40.63427352,-8.66012476,5,16,0,0,0,1
12,28,27,40.63427352,-8.66012476,5,16,0,0,0,1
12,28,27,40.63427352,-8.66012476,5,16,0,0,0,1
12,28,27,40.63427352,-8.66012476,5,16,0,0,0,1
12,28,28,40.63427352,-8.66012476,5,16,0,0,0,1
12,28,28,40.63427352,-8.66012476,5,16,0,0,0,1
12,28,28,40.63427352,-8.66012476,5,16,0,0,0,1
12,28,29,40.63427352,-8.66012476,5,16,0,0,0,1
12,28,29,40.63427352,-8.66012476,5,16,0,0,0,1
12,28,29,40.63427352,-8.66012476,5,16,0,0,0,1
12,28,30,40.63427352,-8.66012476,5,12,0,0,0,1
12,28,30,40.63427352,-8.66012476,5,12,0,0,0,1
12,28,30,40.63427352,-8.66012476,5,12,0,0,0,1
12,28,31,40.63427352,-8.66012476,5,12,0,0,0,1
12,28,31,40.63427352,-8.66012476,5,12,0,0,0,1
12,28,31,40.63427352,-8.66012476,5,12,0,0,0,1
12,28,32,40.63427352,-8.66012476,5,13,0,0,0,1
12,28,32,40.63427352,-8.66012572,5,13,0,0,0,1
12,28,32,40.63427352,-8.66012572,5,13,0,0,0,1
12,28,33,40.63427352,-8.66012572,5,13,0,0,0,1
12,28,33,40.63427352,-8.66012572,5,13,0,0,0,1
12,28,33,40.63427352,-8.66012572,5,13,0,0,0,1
12,28,34,40.63427352,-8.66012572,5,14,0,0,0,1
12,28,34,40.63427352,-8.66012572,5,13,0,0,0,1
12,28,34,40.63427352,-8.66012764,5,13,0,0,0,1
12,28,35,40.63427352,-8.66012764,5,13,0,0,0,1
12,28,35,40.63427352,-8.66012764,5,13,0,0,0,1
12,28,35,40.63427352,-8.66012764,5,13,0,0,0,1
12,28,36,40.63427352,-8.66012764,5,13,0,0,0,1
12,28,36,40.63427352,-8.66012860,5,13,0,0,0,1
12,28,36,40.63427352,-8.66012860,5,13,0,0,0,1
12,28,37,40.63427352,-8.66012860,5,13,0,0,0,1
12,28,37,40.63427352,-8.66012860,5,13,0,0,0,1
12,28,37,40.63427352,-8.66012860,5,13,0,0,0,1
12,28,38,40.63427352,-8.66012860,5,17,0,0,0,1
12,28,38,40.63427352,-8.66012956,5,17,0,0,0,1
12,28,38,40.63427352,-8.66012956,5,17,0,0,0,1
12,28,39,40.63427352,-8.66012956,5,17,0,0,0,1
12,28,39,40.63427352,-8.66012956,5,17,0,0,0,1
12,28,39,40.63427352,-8.66012956,5,17,0,0,0,1
12,28,40,40.63427352,-8.66012956,5,17,0,0,0,1
12,28,40,40.63427352,-8.66012956,5,17,0,0,0,1
12,28,40,40.63427352,-8.66012956,5,17,0,0,0,1
12,28,41,40.63427352,-8.66012956,5,17,0,0,0,1
12,28,41,40.63427352,-8.66012956,5,17,0,0,0,1
12,28,41,40.63427352,-8.66012956,5,17,0,0,0,1
12,28,42,40.63427352,-8.66012956,5,17,0,0,0,1
12,28,42,40.63427352,-8.66013052,5,17,0,0,0,1
12,28,42,40.63427352,-8.66013052,5,17,0,0,0,1
12,28,43,40.63427352,-8.66013052,5,17,0,0,0,1
12,28,43,40.63427352,-8.66013052,5,16,0,0,0,1
12,28,43,40.63427352,-8.66013052,5,16,0,0,0,1
12,28,44,40.63427352,-8.66013052,5,17,0,0,0,1
12,28,44,40.63427352,-8.66013052,5,17,0,0,0,1
12,28,44,40.63427352,-8.66013240,5,17,0,0,0,1
12,28,45,40.63427352,-8.66013240,5,17,0,0,0,1
12,28,45,40.63427352,-8.66013240,5,17,0,0,0,1
12,28,45,40.63427352,-8.66013240,5,17,0,0,0,1
12,28,46,40.63427352,-8.66013240,5,16,0,0,0,1
12,28,46,40.63427352,-8.66013240,5,16,0,0,0,1
12,28,46,40.63427352,-8.66013240,5,16,0,0,0,1
12,28,47,40.63427352,-8.66013240,5,16,0,0,0,1
12,28,47,40.63427352,-8.66013240,5,16,0,0,0,1
12,28,47,40.63427352,-8.66013240,5,16,0,0,0,1
12,28,48,40.63427352,-8.66013240,5,12,0,0,0,1
12,28,48,40.63427352,-8.66013240,5,12,0,0,0,1
12,28,48,40.63427352,-8.66013240,5,12,0,0,0,1
12,28,49,40.63427352,-8.66013240,5,12,0,0,0,1
12,28,49,40.63427352,-8.66013240,5,12,0,0,0,1
12,28,49,40.63427352,-8.66013240,5,12,0,0,0,1
12,28,50,40.63427352,-8.66013240,5,12,0,0,0,1
12,28,50,40.63427352,-8.66013240,5,12,0,0,0,1
12,28,50,40.63427352,-8.66013240,5,12,0,0,0,1
12,28,51,40.63427352,-8.66013240,5,13,0,0,0,1
12,28,51,40.63427352,-8.66013240,5,13,0,0,0,1
12,28,51,40.63427352,-8.66013432,5,13,0,0,0,1
12,28,52,40.63427352,-8.66013240,5,13,0,0,0,1
12,28,52,40.63427352,-8.66013240,5,13,0,0,0,1
12,28,52,40.63427352,-8.66013240,5,13,0,0,0,1
12,28,53,40.63427352,-8.66013240,5,13,0,0,0,1
12,28,53,40.63427352,-8.66013240,5,13,0,0,0,1
12,28,53,40.63427352,-8.66013240,5,13,0,0,0,1
12,28,54,40.63427352,-8.66013240,5,13,0,0,0,1
12,28,54,40.63427352,-8.66013240,5,13,0,0,0,1
12,28,54,40.63427352,-8.66013240,5,13,0,0,0,1
12,28,55,40.63427352,-8.66013240,5,13,0,0,0,1
12,28,55,40.63427352,-8.66013240,5,13,0,0,0,1
12,28,55,40.63427352,-8.66013240,5,13,0,0,0,1
12,28,56,40.63427352,-8.66013240,5,13,0,0,0,1
12,28,56,40.63427352,-8.66013240,5,13,0,0,0,1
12,28,56,40.63427352,-8.66013240,5,13,0,0,0,1
12,28,57,40.63427352,-8.66013240,5,13,0,0,0,1
12,28,57,40.63427352,-8.66013240,5,13,0,0,0,1
12,28,57,40.63427352,-8.66013240,5,13,0,0,0,1
12,28,58,40.63427352,-8.66013240,5,13,0,0,0,1
12,28,58,40.63427352,-8.66013240,5,14,0,0,0,1
12,28,58,40.63427352,-8.66013240,5,14,0,0,0,1
12,28,59,40.63427352,-8.66013240,5,14,0,0,0,1
12,28,59,40.63427352,-8.66013240,5,14,0,0,0,1
12,28,59,40.63427352,-8.66013240,5,14,0,0,0,1
12,29,0,40.63427352,-8.66013240,5,14,0,0,0,1
12,29,0,40.63427352,-8.66013240,5,14,0,0,0,1
12,29,0,40.63427352,-8.66013240,5,14,0,0,0,1
12,29,1,40.63427352,-8.66013240,5,15,0,0,0,1
12,29,1,40.63427352,-8.66013240,5,15,0,0,0,1
12,29,1,40.63427352,-8.66013240,5,15,0,0,0,1
12,29,2,40.63427352,-8.66013240,5,15,0,0,0,1
12,29,2,40.63427352,-8.66013240,5,17,0,0,0,1
12,29,2,40.63427352,-8.66013052,5,17,0,0,0,1
12,29,3,40.63427352,-8.66013052,5,12,0,0,0,1
12,29,3,40.63427352,-8.66013052,5,12,0,0,0,1
12,29,3,40.63427352,-8.66013052,5,12,0,0,0,1
12,29,4,40.63427352,-8.66013052,5,12,0,0,0,1
12,29,4,40.63427352,-8.66013052,5,12,0,0,0,1
12,29,4,40.63427352,-8.66012956,4,12,0,0,0,1
12,29,5,40.63427352,-8.66012956,4,49,0,0,0,1
12,29,5,40.63427352,-8.66012956,4,49,0,0,0,1
12,29,5,40.63427352,-8.66012956,4,50,0,0,0,1
12,29,6,40.63427352,-8.66012956,4,49,0,0,0,1
12,29,6,40.63427352,-8.66012956,4,46,0,0,0,1
12,29,6,40.63427352,-8.66012956,4,46,0,0,0,1
12,29,7,40.63427352,-8.66012956,4,44,0,0,0,1
12,29,7,40.63427352,-8.66013052,5,44,0,0,0,1
12,29,7,40.63427352,-8.66013052,5,44,0,0,0,1
12,29,8,40.63427352,-8.66013052,5,19,0,0,0,1
12,29,8,40.63427352,-8.66013052,5,19,0,0,0,1
12,29,8,40.63427352,-8.66013052,5,19,0,0,0,1
12,29,9,40.63427352,-8.66013052,5,19,0,0,0,1
12,29,9,40.63427352,-8.66013052,5,19,0,0,0,1
12,29,9,40.63427352,-8.66013052,5,19,0,0,0,1
12,29,10,40.63427352,-8.66013052,5,18,0,0,0,1
12,29,10,40.63427352,-8.66013052,5,18,0,0,0,1
12,29,10,40.63427352,-8.66013052,5,18,0,0,0,1
12,29,11,40.63427352,-8.66013052,5,18,0,0,0,1
12,29,11,40.63427352,-8.66013052,5,16,0,0,0,1
12,29,11,40.63427352,-8.66013052,5,16,0,0,0,1
12,29,12,40.63427352,-8.66013052,5,16,0,0,0,1
12,29,12,40.63427352,-8.66013052,5,16,0,0,0,1
12,29,13,40.63427352,-8.66013052,5,14,0,0,0,1
12,29,13,40.63427352,-8.66013052,5,14,0,0,0,1
12,29,13,40.63427352,-8.66013052,5,14,0,1,0,1
12,29,14,40.63427352,-8.66013052,5,20,0,0,0,1
12,29,14,40.63427352,-8.66013052,5,20,0,0,0,1
12,29,14,40.63427352,-8.66013052,5,20,0,0,0,1
12,29,15,40.63427352,-8.66013052,5,18,0,0,0,1
12,29,15,40.63427352,-8.66013052,5,18,0,0,0,1
12,29,15,40.63427352,-8.66013240,5,18,0,0,0,1
12,29,16,40.63427352,-8.66013240,5,18,0,0,0,1
12,29,16,40.63427352,-8.66013240,5,12,0,0,0,1
12,29,16,40.63427352,-8.66013240,5,12,0,0,0,1
12,29,17,40.63427352,-8.66013240,5,12,0,0,0,1
12,29,17,40.63427352,-8.66013240,5,12,0,0,0,1
12,29,17,40.63427352,-8.66013240,5,12,0,0,0,1
12,29,18,40.63427352,-8.66013240,5,15,0,0,0,1
12,29,18,40.63427352,-8.66013240,5,15,0,0,0,1
12,29,19,40.63427352,-8.66013240,5,15,0,0,0,1
12,29,19,40.63427352,-8.66013240,5,15,0,0,0,1
12,29,19,40.63427352,-8.66013240,5,15,0,0,0,1
12,29,20,40.63427352,-8.66013240,5,15,0,0,0,1
12,29,20,40.63427352,-8.66013240,5,15,0,0,0,1
12,29,20,40.63427352,-8.66013240,5,15,0,0,0,1
12,29,21,40.63427352,-8.66013240,5,16,0,0,0,1
12,29,21,40.63427352,-8.66013240,5,16,0,0,0,1
12,29,21,40.63427352,-8.66013240,5,16,0,0,0,1
12,29,22,40.63427352,-8.66013240,5,16,0,0,0,1
12,29,22,40.63427352,-8.66013240,5,16,0,0,0,1
12,29,22,40.63427352,-8.66013240,5,16,0,0,0,1
12,29,23,40.63427352,-8.66013240,5,16,0,0,0,1
12,29,23,40.63427352,-8.66013240,5,16,0,0,0,1
12,29,23,40.63427352,-8.66013240,5,16,0,0,0,1
12,29,24,40.63427352,-8.66013240,5,16,0,0,0,1
12,29,24,40.63427352,-8.66013240,5,16,0,0,0,1
12,29,24,40.63427352,-8.66013240,5,16,0,0,0,1
12,29,25,40.63427352,-8.66013240,5,16,0,0,0,1
12,29,25,40.63427352,-8.66013240,5,16,0,0,0,1
12,29,25,40.63427352,-8.66013240,5,16,0,0,0,1
12,29,26,40.63427352,-8.66013240,5,16,0,0,0,1
12,29,26,40.63427352,-8.66013240,5,16,0,0,0,1
12,29,26,40.63427352,-8.66013240,5,16,0,0,0,1
12,29,27,40.63427352,-8.66013240,5,16,0,0,0,1
12,29,27,40.63427352,-8.66013240,5,16,0,0,0,1
12,29,27,40.63427352,-8.66013240,5,16,0,0,0,1
12,29,28,40.63427352,-8.66013240,5,17,0,0,0,1
12,29,28,40.63427352,-8.66013240,5,17,0,0,0,1
12,29,28,40.63427352,-8.66013240,5,17,0,0,0,1
12,29,29,40.63427352,-8.66013240,5,17,0,0,0,1
12,29,29,40.63427352,-8.66013240,5,17,0,0,0,1
12,29,29,40.63427352,-8.66013240,5,17,0,0,0,1
12,29,30,40.63427352,-8.66013240,5,17,0,0,0,1
12,29,30,40.63427352,-8.66013432,5,17,0,0,0,1
12,29,30,40.63427352,-8.66013432,5,17,0,0,0,1
12,29,31,40.63427352,-8.66013432,5,17,0,0,0,1
12,29,31,40.63427352,-8.66013432,5,10,0,0,0,1
12,29,31,40.63427352,-8.66013432,5,10,0,0,0,1
12,29,32,40.63427352,-8.66013432,5,10,0,0,0,1
12,29,32,40.63427352,-8.66013432,5,17,0,0,0,1
12,29,32,40.63427352,-8.66013432,5,17,0,0,0,1
12,29,33,40.63427352,-8.66013432,5,17,0,0,0,1
12,29,33,40.63427352,-8.66013432,5,17,0,0,0,1
12,29,33,40.63427352,-8.66013432,5,17,0,0,0,1
12,29,34,40.63427352,-8.66013432,5,17,0,0,0,1
12,29,34,40.63427352,-8.66013432,5,17,0,0,0,1
12,29,34,40.63427352,-8.66013432,5,17,0,0,0,1
12,29,35,40.63427352,-8.66013432,5,17,0,0,0,1
12,29,35,40.63427352,-8.66013432,5,17,0,0,0,1
12,29,35,40.63427352,-8.66013432,5,17,0,0,0,1
12,29,36,40.63427352,-8.66013432,5,17,0,0,0,1
12,29,36,40.63427352,-8.66013432,5,17,0,0,0,1
12,29,36,40.63427352,-8.66013432,5,17,0,0,0,1
12,29,37,40.63427352,-8.66013432,5,16,0,0,0,1
12,29,37,40.63427352,-8.66013432,5,16,0,0,0,1
12,29,37,40.63427352,-8.66013432,5,16,0,0,0,1
12,29,38,40.63427352,-8.66013432,5,16,0,0,0,1
12,29,38,40.63427352,-8.66013432,5,16,0,0,0,1
12,29,38,40.63427352,-8.66013432,5,16,0,0,0,1
12,29,39,40.63427352,-8.66013432,5,16,0,0,0,1
12,29,39,40.63427352,-8.66013432,5,16,0,0,0,1
12,29,39,40.63427352,-8.66013528,5,16,0,0,0,1
12,29,40,40.63427352,-8.66013528,5,16,0,0,0,1
12,29,40,40.63427352,-8.66013528,5,16,0,0,0,1
12,29,40,40.63427352,-8.66013528,5,16,0,0,0,1
12,29,41,40.63427352,-8.66013528,5,16,0,0,0,1
12,29,41,40.63427352,-8.66013528,5,16,0,0,0,1
12,29,41,40.63427352,-8.66013528,5,16,0,0,0,1
12,29,42,40.63427352,-8.66013528,5,16,0,0,0,1
12,29,42,40.63427352,-8.66013528,5,16,0,0,0,1
12,29,42,40.63427352,-8.66013528,5,15,0,0,0,1
12,29,43,40.63427352,-8.66013528,5,15,0,0,0,1
12,29,43,40.63427352,-8.66013528,5,15,0,0,0,1
12,29,43,40.63427352,-8.66013528,5,15,0,0,0,1
12,29,44,40.63427352,-8.66013528,5,15,0,0,0,1
12,29,44,40.63427352,-8.66013528,5,15,0,0,0,1
12,29,44,40.63427352,-8.66013528,5,15,0,0,0,1
12,29,45,40.63427352,-8.66013528,5,15,0,0,0,1
12,29,45,40.63427352,-8.66013528,5,15,0,0,0,1
12,29,45,40.63427352,-8.66013528,5,15,0,0,0,1
12,29,46,40.63427352,-8.66013528,5,15,0,0,0,1
12,29,46,40.63427352,-8.66013528,5,15,0,0,0,1
12,29,46,40.63427352,-8.66013528,5,15,0,0,0,1
12,29,47,40.63427352,-8.66013528,5,15,0,0,0,1
12,29,47,40.63427352,-8.66013528,5,15,0,0,0,1
12,29,47,40.63427352,-8.66013528,5,15,0,0,0,1
12,29,48,40.63427352,-8.66013528,5,15,0,0,0,1
12,29,48,40.63427352,-8.66013528,5,15,0,0,0,1
12,29,48,40.63427352,-8.66013528,5,15,0,0,0,1
12,29,49,40.63427352,-8.66013528,5,15,0,0,0,1
12,29,49,40.63427352,-8.66013528,5,15,0,0,0,1
12,29,49,40.63427352,-8.66013528,5,15,0,0,0,1
12,29,50,40.63427352,-8.66013528,5,15,0,0,0,1
12,29,50,40.63427352,-8.66013528,5,15,0,0,0,1
12,29,50,40.63427352,-8.66013528,5,15,0,0,0,1
12,29,51,40.63427352,-8.66013528,5,14,0,0,0,1
12,29,51,40.63427352,-8.66013528,5,14,0,0,0,1
12,29,51,40.63427352,-8.66013528,5,14,0,0,0,1
12,29,52,40.63427352,-8.66013528,5,14,0,0,0,1
12,29,52,40.63427352,-8.66013528,5,14,0,0,0,1
12,29,52,40.63427352,-8.66013528,5,14,0,0,0,1
12,29,53,40.63427352,-8.66013528,5,14,0,0,0,1
12,29,53,40.63427352,-8.66013528,5,14,0,0,0,1
12,29,53,40.63427352,-8.66013528,5,14,0,0,0,1
12,29,54,40.63427352,-8.66013528,5,14,0,0,0,1
12,29,54,40.63427352,-8.66013528,5,14,0,0,0,1
12,29,54,40.63427352,-8.66013528,5,14,0,0,0,1
12,29,55,40.63427352,-8.66013528,5,14,0,0,0,1
12,29,55,40.63427352,-8.66013528,5,14,0,0,0,1
12,29,55,40.63427352,-8.66013528,5,14,0,0,0,1
12,29,56,40.63427352,-8.66013528,5,14,0,0,0,1
12,29,56,40.63427352,-8.66013528,5,14,0,0,0,1
12,29,56,40.63427352,-8.66013528,5,14,0,0,0,1
12,29,57,40.63427352,-8.66013528,5,14,0,0,0,1
12,29,57,40.63427352,-8.66013528,5,14,0,0,0,1
12,29,57,40.63427352,-8.66013528,5,14,0,0,0,1
12,29,58,40.63427352,-8.66013528,5,10,0,0,0,1
12,29,58,40.63427352,-8.66013528,5,10,0,0,0,1
12,29,58,40.63426972,-8.66013528,5,10,0,0,0,1
12,29,59,40.63426972,-8.66013528,5,14,0,0,0,1
12,29,59,40.63426972,-8.66013528,5,14,0,0,0,1
12,29,59,40.63426972,-8.66013528,5,14,0,0,0,1
12,30,0,40.63426972,-8.66013528,5,14,0,0,0,1
12,30,0,40.63426972,-8.66013528,5,14,0,0,0,1
12,30,0,40.63426972,-8.66013528,5,13,0,0,0,1
12,30,1,40.63426972,-8.66013528,5,13,0,0,0,1
12,30,1,40.63426972,-8.66013528,5,13,0,0,0,1
12,30,1,40.63426972,-8.66013528,5,13,0,0,0,1
12,30,2,40.63426972,-8.66013528,5,13,0,0,0,1
12,30,2,40.63426972,-8.66013528,5,13,0,0,0,1
12,30,2,40.63426972,-8.66013528,5,13,0,0,0,1
12,30,3,40.63426972,-8.66013528,5,13,0,0,0,1
12,30,3,40.63426972,-8.66013528,5,12,0,0,0,1
12,30,3,40.63426972,-8.66013528,5,12,0,0,0,1
12,30,4,40.63426972,-8.66013528,5,12,0,0,0,1
12,30,4,40.63426972,-8.66013528,5,12,0,0,0,1
12,30,4,40.63426972,-8.66013528,5,12,0,0,0,1
12,30,5,40.63426972,-8.66013528,5,12,0,0,0,1
12,30,5,40.63426972,-8.66013528,5,12,0,0,0,1
12,30,5,40.63426972,-8.66013528,5,12,0,0,0,1
12,30,6,40.63426972,-8.66013528,5,12,0,0,0,1
12,30,6,40.63426972,-8.66013432,5,12,0,0,0,1
12,30,6,40.63426972,-8.66013432,5,12,0,0,0,1
12,30,7,40.63426972,-8.66013528,5,12,0,0,0,1
12,30,7,40.63426972,-8.66013528,5,12,0,0,0,1
12,30,7,40.63426972,-8.66013528,5,12,0,0,0,1
12,30,8,40.63426972,-8.66013528,5,12,0,0,0,1
12,30,8,40.63426972,-8.66013528,5,12,0,0,0,1
12,30,8,40.63426972,-8.66013528,5,12,0,0,0,1
12,30,9,40.63426972,-8.66013528,5,11,0,0,0,1
12,30,9,40.63426972,-8.66013528,5,11,0,0,0,1
12,30,10,40.63426972,-8.66013528,5,11,0,0,0,1
12,30,10,40.63426972,-8.66013528,5,11,0,0,0,1
12,30,10,40.63426972,-8.66013528,5,11,0,0,0,1
12,30,11,40.63426972,-8.66013528,5,11,0,0,0,1
12,30,11,40.63426972,-8.66013528,5,11,0,0,0,1
12,30,11,40.63426972,-8.66013528,5,11,0,0,0,1
12,30,12,40.63426972,-8.66013528,5,11,0,0,0,1
12,30,12,40.63426972,-8.66013528,5,11,0,0,0,1
12,30,12,40.63426972,-8.66013528,5,11,0,0,0,1
12,30,13,40.63426972,-8.66013528,5,11,0,0,0,1
12,30,13,40.63426972,-8.66013528,5,11,0,0,0,1
12,30,13,40.63426972,-8.66013528,5,11,0,0,0,1
12,30,14,40.63426972,-8.66013528,5,11,0,0,0,1
12,30,14,40.63426972,-8.66013528,5,11,0,0,0,1
12,30,14,40.63426972,-8.66013528,5,11,0,0,0,1
12,30,15,40.63426972,-8.66013528,5,11,0,0,0,1
12,30,15,40.63426972,-8.66013528,5,11,0,0,0,1
12,30,15,40.63426972,-8.66013528,5,11,0,0,0,1
12,30,16,40.63426972,-8.66013528,5,10,0,0,0,1
12,30,16,40.63426972,-8.66013528,5,10,0,0,0,1
12,30,16,40.63426972,-8.66013528,5,10,0,0,0,1
12,30,17,40.63426972,-8.66013528,5,10,0,0,0,1
12,30,17,40.63426972,-8.66013528,5,10,0,0,0,1
12,30,17,40.63426972,-8.66013528,5,10,0,0,0,1
12,30,18,40.63426972,-8.66013528,5,10,0,0,0,1
12,30,18,40.63426972,-8.66013528,5,10,0,0,0,1
12,30,18,40.63426972,-8.66013528,5,10,0,0,0,1
12,30,19,40.63426972,-8.66013528,5,10,0,0,0,1
12,30,19,40.63426972,-8.66013528,5,10,0,0,0,1
12,30,19,40.63426972,-8.66013528,5,10,0,0,0,1
12,30,20,40.63426972,-8.66013528,5,10,0,0,0,1
12,30,20,40.63426972,-8.66013528,5,10,0,0,0,1
12,30,20,40.63426972,-8.66013528,5,10,0,0,0,1
12,30,21,40.63426972,-8.66013528,5,10,0,0,0,1
12,30,21,40.63426972,-8.66013528,5,10,0,0,0,1
12,30,21,40.63426972,-8.66013528,5,10,0,0,0,1
12,30,22,40.63426972,-8.66013528,5,10,0,0,0,1
12,30,22,40.63426972,-8.66013528,5,10,0,0,0,1
12,30,22,40.63426972,-8.66013528,5,10,0,0,0,1
12,30,23,40.63426972,-8.66013528,5,10,0,0,0,1
12,30,23,40.63426972,-8.66013528,5,10,0,0,0,1
12,30,24,40.63426972,-8.66013528,5,10,0,0,0,1
12,30,24,40.63426972,-8.66013528,5,10,0,0,0,1
12,30,24,40.63426972,-8.66013528,5,10,0,0,0,1
12,30,25,40.63426972,-8.66013528,5,10,0,0,0,1
12,30,25,40.63426972,-8.66013528,5,10,0,0,0,1
12,30,25,40.63426972,-8.66013528,5,10,0,0,0,1
12,30,26,40.63426972,-8.66013528,5,10,0,0,0,1
12,30,26,40.63426972,-8.66013528,5,10,0,0,0,1
12,30,26,40.63426972,-8.66013528,5,10,0,0,0,1
12,30,27,40.63426972,-8.66013528,5,10,0,0,0,1
12,30,27,40.63426972,-8.66013528,5,10,0,0,0,1
12,30,27,40.63426972,-8.66013528,5,10,0,0,0,1
12,30,28,40.63426972,-8.66013528,5,10,0,0,0,1
12,30,28,40.63426972,-8.66013528,5,10,0,0,0,1
12,30,28,40.63426972,-8.66013528,5,10,0,0,0,1
12,30,29,40.63426972,-8.66013528,5,10,0,0,0,1
12,30,29,40.63426972,-8.66013528,5,10,0,0,0,1
12,30,29,40.63426972,-8.66013528,5,10,0,0,0,1
12,30,30,40.63426972,-8.66013528,5,10,0,0,0,1
12,30,30,40.63426972,-8.66013528,5,10,0,0,0,1
12,30,30,40.63426972,-8.66013528,5,10,0,0,0,1
12,30,31,40.63426972,-8.66013528,5,10,0,0,0,1
12,30,31,40.63426972,-8.66013528,5,10,0,0,0,1
12,30,31,40.63426972,-8.66013528,5,10,0,0,0,1
12,30,32,40.63426972,-8.66013528,5,10,0,0,0,1
12,30,32,40.63426972,-8.66013528,5,10,0,0,0,1
12,30,32,40.63426972,-8.66013528,5,10,0,0,0,1
12,30,33,40.63426972,-8.66013528,5,15,0,0,0,1
12,30,33,40.63426972,-8.66013528,5,15,0,0,0,1
12,30,33,40.63426972,-8.66013528,5,15,0,0,0,1
12,30,34,40.63426972,-8.66013528,5,15,0,0,0,1
12,30,34,40.63426972,-8.66013528,5,15,0,0,0,1
12,30,34,40.63426972,-8.66013528,5,15,0,0,0,1
12,30,35,40.63426972,-8.66013528,5,15,0,0,0,1
12,30,35,40.63426972,-8.66013528,5,15,0,0,0,1
12,30,35,40.63426972,-8.66013528,5,15,0,0,0,1
12,30,36,40.63426972,-8.66013528,5,15,0,0,0,1
12,30,36,40.63426972,-8.66013528,5,18,0,0,0,1
12,30,36,40.63426972,-8.66013528,5,18,0,0,0,1
12,30,37,40.63426972,-8.66013528,5,18,0,0,0,1
12,30,37,40.63426972,-8.66013528,5,18,0,0,0,1
12,30,37,40.63426972,-8.66013528,5,18,0,0,0,1
12,30,38,40.63426972,-8.66013528,5,18,0,0,0,1
12,30,38,40.63426972,-8.66013528,5,18,0,0,0,1
12,30,38,40.63426972,-8.66013528,5,18,0,0,0,1
12,30,39,40.63426972,-8.66013528,5,16,0,0,0,1
12,30,39,40.63426972,-8.66013528,5,16,0,0,0,1
12,30,39,40.63426972,-8.66013528,5,16,0,0,0,1
12,30,40,40.63426972,-8.66013528,5,16,0,0,0,1
12,30,40,40.63426972,-8.66013528,5,16,0,0,0,1
12,30,40,40.63426972,-8.66013528,5,16,0,0,0,1
12,30,41,40.63426972,-8.66013528,5,17,0,0,0,1
12,30,41,40.63426972,-8.66013528,5,17,0,0,0,1
12,30,41,40.63426972,-8.66013528,5,17,0,0,0,1
12,30,42,40.63426972,-8.66013528,5,17,0,0,0,1
12,30,42,40.63426972,-8.66013528,5,17,0,0,0,1
12,30,42,40.63426972,-8.66013528,5,17,0,0,0,1
12,30,43,40.63426972,-8.66013528,5,13,0,0,0,1
12,30,43,40.63426972,-8.66013528,5,13,0,0,0,1
12,30,43,40.63426972,-8.66013624,5,13,0,0,0,1
12,30,44,40.63426972,-8.66013624,5,13,0,0,0,1
12,30,44,40.63426972,-8.66013624,5,13,0,0,0,1
12,30,44,40.63426972,-8.66013624,5,13,0,0,0,1
12,30,45,40.63427352,-8.66013624,5,14,0,0,0,1
12,30,45,40.63426972,-8.66013624,5,14,0,0,0,1
12,30,45,40.63426972,-8.66013624,5,14,0,0,0,1
12,30,46,40.63426972,-8.66013624,5,14,0,0,0,1
12,30,46,40.63426972,-8.66013624,5,14,0,0,0,1
12,30,46,40.63426972,-8.66013624,5,14,0,0,0,1
12,30,47,40.63426972,-8.66013624,5,14,0,0,0,1
12,30,47,40.63426972,-8.66013624,5,14,0,0,0,1
12,30,47,40.63426972,-8.66013624,5,14,0,0,0,1
12,30,48,40.63426972,-8.66013624,5,14,0,0,0,1
12,30,48,40.63426972,-8.66013624,5,10,0,0,0,1
12,30,48,40.63426972,-8.66013624,5,10,0,0,0,1
12,30,49,40.63426972,-8.66013624,5,10,0,0,0,1
12,30,49,40.63426972,-8.66013624,5,10,0,0,0,1
12,30,49,40.63426972,-8.66013624,5,10,0,0,0,1
12,30,50,40.63426972,-8.66013624,5,10,0,0,0,1
12,30,50,40.63426972,-8.66013624,5,10,0,0,0,1
12,30,50,40.63426972,-8.66013624,5,10,0,0,0,1
12,30,51,40.63426972,-8.66013624,5,10,0,0,0,1
12,30,51,40.63426972,-8.66013624,5,10,0,0,0,1
12,30,51,40.63426972,-8.66013624,5,10,0,0,0,1
12,30,52,40.63426972,-8.66013624,5,10,0,0,0,1
12,30,52,40.63426972,-8.66013624,5,10,0,0,0,1
12,30,52,40.63426972,-8.66013624,5,10,0,0,0,1
12,30,53,40.63426972,-8.66013624,5,10,0,0,0,1
12,30,53,40.63426972,-8.66013624,5,10,0,0,0,1
12,30,53,40.63426972,-8.66013624,5,10,0,0,0,1
12,30,54,40.63426972,-8.66013624,5,14,0,0,0,1
12,30,54,40.63426972,-8.66013624,5,14,0,0,0,1
12,30,54,40.63426972,-8.66013624,5,14,0,0,0,1
12,30,55,40.63426972,-8.66013624,5,14,0,0,0,1
12,30,55,40.63426972,-8.66013624,5,14,0,0,0,1
12,30,55,40.63426972,-8.66013624,5,14,0,0,0,1
12,30,56,40.63426972,-8.66013624,5,14,0,0,0,1
12,30,56,40.63426972,-8.66013624,5,14,0,0,0,1
12,30,56,40.63426972,-8.66013624,5,14,0,0,0,1
12,30,57,40.63426972,-8.66013624,5,14,0,0,0,1
12,30,57,40.63426972,-8.66013624,5,14,0,0,0,1
12,30,57,40.63426972,-8.66013624,5,14,0,0,0,1
12,30,58,40.63426972,-8.66013624,5,14,0,0,0,1
12,30,58,40.63426972,-8.66013624,5,14,0,0,0,1
12,30,58,40.63426972,-8.66013624,5,14,0,0,0,1
12,30,59,40.63426972,-8.66013624,5,14,0,0,0,1
12,30,59,40.63426972,-8.66013624,5,14,0,0,0,1
12,30,59,40.63426972,-8.66013624,5,14,0,0,0,1
12,31,0,40.63426972,-8.66013624,5,13,0,0,0,1
12,31,0,40.63426972,-8.66013624,5,13,0,0,0,1
12,31,0,40.63426972,-8.66013624,5,13,0,0,0,1
12,31,1,40.63426972,-8.66013624,5,13,0,0,0,1
12,31,1,40.63426972,-8.66013624,5,13,0,0,0,1
12,31,1,40.63426972,-8.66013624,5,13,0,0,0,1
12,31,2,40.63426972,-8.66013624,5,13,0,0,0,1
12,31,2,40.63426972,-8.66013624,5,13,0,0,0,1
12,31,2,40.63426972,-8.66013624,5,13,0,0,0,1
12,31,3,40.63426972,-8.66013624,5,13,0,0,0,1
12,31,3,40.63426972,-8.66013624,5,13,0,0,0,1
12,31,3,40.63426972,-8.66013624,5,13,0,0,0,1
12,31,4,40.63426972,-8.66013624,5,13,0,0,0,1
12,31,4,40.63426972,-8.66013624,5,13,0,0,0,1
12,31,4,40.63426972,-8.66013624,5,13,0,0,0,1
12,31,5,40.63426972,-8.66013624,5,12,0,0,0,1
12,31,5,40.63426972,-8.66013624,5,12,0,0,0,1
12,31,5,40.63426972,-8.66013624,5,12,0,0,0,1
12,31,6,40.63426972,-8.66013624,5,12,0,0,0,1
12,31,6,40.63426972,-8.66013624,5,12,0,0,0,1
12,31,6,40.63426972,-8.66013624,5,12,0,0,0,1
12,31,7,40.63426972,-8.66013624,5,12,0,0,0,1
12,31,7,40.63426972,-8.66013624,5,12,0,0,0,1
12,31,7,40.63426972,-8.66013624,5,12,0,0,0,1
12,31,8,40.63426972,-8.66013624,5,11,0,0,0,1
12,31,8,40.63426972,-8.66013624,5,11,0,0,0,1
12,31,8,40.63426972,-8.66013624,5,11,0,0,0,1
12,31,9,40.63426972,-8.66013624,5,11,0,0,0,1
12,31,9,40.63426972,-8.66013624,5,11,0,0,0,1
12,31,9,40.63426972,-8.66013624,5,11,0,0,0,1
12,31,10,40.63426972,-8.66013624,5,11,0,0,0,1
12,31,10,40.63426972,-8.66013624,5,11,0,0,0,1
12,31,10,40.63426972,-8.66013624,5,11,0,0,0,1
12,31,11,40.63426972,-8.66013624,5,11,0,0,0,1
12,31,11,40.63426972,-8.66013624,5,11,0,0,0,1
12,31,11,40.63426972,-8.66013624,5,11,0,0,0,1
12,31,12,40.63426972,-8.66013624,5,11,0,0,0,1
12,31,12,40.63426972,-8.66013624,5,11,0,0,0,1
12,31,12,40.63426972,-8.66013624,5,11,0,0,0,1
12,31,13,40.63426972,-8.66013624,5,11,0,0,0,1
12,31,13,40.63426972,-8.66013624,5,11,0,0,0,1
12,31,13,40.63426972,-8.66013624,5,11,0,0,0,1
12,31,14,40.63426972,-8.66013624,5,10,0,0,0,1
12,31,14,40.63426972,-8.66013624,5,10,0,0,0,1
12,31,14,40.63426972,-8.66013624,5,10,0,0,0,1
12,31,15,40.63426972,-8.66013624,5,10,0,0,0,1
12,31,15,40.63426972,-8.66013624,5,10,0,0,0,1
12,31,15,40.63426972,-8.66013624,5,10,0,0,0,1
12,31,16,40.63426972,-8.66013624,5,10,0,0,0,1
12,31,16,40.63426972,-8.66013624,5,10,0,0,0,1
12,31,16,40.63426972,-8.66013624,5,10,0,0,0,1
12,31,17,40.63426972,-8.66013624,5,10,0,0,0,1
12,31,17,40.63426972,-8.66013624,5,10,0,0,0,1
12,31,17,40.63426972,-8.66013624,5,10,0,0,0,1
12,31,18,40.63426972,-8.66013624,5,10,0,0,0,1
12,31,18,40.63426972,-8.66013624,5,10,0,0,0,1
12,31,18,40.63426972,-8.66013624,5,10,0,0,0,1
12,31,19,40.63426972,-8.66013624,5,10,0,0,0,1
12,31,19,40.63426972,-8.66013624,5,10,0,0,0,1
12,31,19,40.63426972,-8.66013624,5,10,0,0,0,1
12,31,20,40.63426972,-8.66013624,5,10,0,0,0,1
12,31,20,40.63426972,-8.66013624,5,10,0,0,0,1
12,31,20,40.63426972,-8.66013624,5,10,0,0,0,1
12,31,21,40.63426972,-8.66013624,5,10,0,0,0,1
12,31,21,40.63426972,-8.66013624,5,10,0,0,0,1
12,31,21,40.63426972,-8.66013624,5,10,0,0,0,1
12,31,22,40.63426972,-8.66013624,5,10,0,0,0,1
12,31,22,40.63426972,-8.66013624,5,10,0,0,0,1
12,31,22,40.63426972,-8.66013624,5,10,0,0,0,1
12,31,23,40.63426972,-8.66013624,5,10,0,0,0,1
12,31,23,40.63426972,-8.66013624,5,10,0,0,0,1
12,31,23,40.63426972,-8.66013624,5,10,0,0,0,1
12,31,24,40.63426972,-8.66013624,5,10,0,0,0,1
12,31,24,40.63426972,-8.66013624,5,10,0,0,0,1
12,31,24,40.63426972,-8.66013624,5,10,0,0,0,1
12,31,25,40.63426972,-8.66013624,5,10,0,0,0,1
12,31,25,40.63426972,-8.66013624,5,10,0,0,0,1
12,31,25,40.63426972,-8.66013624,5,10,0,0,0,1
12,31,26,40.63426972,-8.66013624,5,10,0,0,0,1
12,31,26,40.63426972,-8.66013624,5,10,0,0,0,1
12,31,26,40.63426972,-8.66013624,5,10,0,0,0,1
12,31,27,40.63426972,-8.66013624,5,10,0,0,0,1
12,31,27,40.63426972,-8.66013624,5,11,0,0,0,1
12,31,27,40.63426972,-8.66013624,5,11,0,0,0,1
12,31,28,40.63426972,-8.66013624,5,11,0,0,0,1
12,31,28,40.63426972,-8.66013624,5,11,0,0,0,1
12,31,28,40.63426972,-8.66013624,5,11,0,0,0,1
12,31,29,40.63426972,-8.66013624,5,17,0,0,0,1
12,31,29,40.63426972,-8.66013624,5,17,0,0,0,1
12,31,29,40.63426972,-8.66013624,5,17,0,0,0,1
12,31,30,40.63426972,-8.66013624,5,17,0,0,0,1
12,31,30,40.63426972,-8.66013624,5,17,0,0,0,1
12,31,30,40.63426972,-8.66013624,5,17,0,0,0,1
12,31,31,40.63426972,-8.66013624,5,17,0,0,0,1
12,31,31,40.63426972,-8.66013624,5,17,0,0,0,1
12,31,31,40.63426972,-8.66013624,5,17,0,0,0,1
12,31,32,40.63426972,-8.66013624,5,17,0,0,0,1
12,31,32,40.63426972,-8.66013624,5,17,0,0,0,1
12,31,32,40.63426972,-8.66013624,5,17,0,0,0,1
12,31,33,40.63426972,-8.66013624,5,17,0,0,0,1
12,31,33,40.63426972,-8.66013624,5,17,0,0,0,1
12,31,33,40.63426972,-8.66013624,5,17,0,0,0,1
12,31,34,40.63426972,-8.66013624,5,17,0,0,0,1
12,31,34,40.63426972,-8.66013624,5,17,0,0,0,1
12,31,34,40.63426972,-8.66013624,5,17,0,0,0,1
12,31,35,40.63426972,-8.66013624,5,17,0,0,0,1
12,31,35,40.63426972,-8.66013624,5,17,0,0,0,1
12,31,35,40.63426972,-8.66013624,5,17,0,0,0,1
12,31,36,40.63426972,-8.66013624,5,17,0,0,0,1
12,31,36,40.63426972,-8.66013624,5,17,0,0,0,1
12,31,36,40.63426972,-8.66013624,5,17,0,0,0,1
12,31,37,40.63426972,-8.66013624,5,17,0,0,0,1
12,31,37,40.63426972,-8.66013624,5,17,0,0,0,1
12,31,37,40.63426972,-8.66013624,5,17,0,0,0,1
12,31,38,40.63426972,-8.66013624,5,17,0,0,0,1
12,31,38,40.63426972,-8.66013624,5,17,0,0,0,1
12,31,38,40.63426972,-8.66013624,5,17,0,0,0,1
12,31,39,40.63426972,-8.66013624,5,17,0,0,0,1
12,31,39,40.63426972,-8.66013624,5,11,0,0,0,1
12,31,39,40.63426972,-8.66013624,5,11,0,0,0,1
12,31,40,40.63426972,-8.66013624,5,11,0,0,0,1
12,31,40,40.63426972,-8.66013624,5,11,0,0,0,1
12,31,40,40.63426972,-8.66013624,5,11,0,0,0,1
12,31,41,40.63426972,-8.66013624,5,11,0,0,0,1
12,31,41,40.63426972,-8.66013624,5,11,0,0,0,1
12,31,41,40.63426972,-8.66013624,5,11,0,0,0,1
12,31,42,40.63426972,-8.66013624,5,14,0,0,0,1
12,31,42,40.63426972,-8.66013624,5,14,0,0,0,1
12,31,42,40.63426972,-8.66013624,5,14,0,0,0,1
12,31,43,40.63426972,-8.66013624,5,15,0,0,0,1
12,31,43,40.63426972,-8.66013624,5,15,0,0,0,1
12,31,43,40.63426972,-8.66013624,5,15,0,0,0,1
12,31,44,40.63426972,-8.66013624,5,15,0,0,0,1
12,31,44,40.63426972,-8.66013624,5,15,0,0,0,1
12,31,44,40.63426972,-8.66013624,5,15,0,0,0,1
12,31,45,40.63426972,-8.66013624,5,15,0,0,0,1
12,31,45,40.63426972,-8.66013624,5,14,0,0,0,1
12,31,45,40.63426972,-8.66013624,5,14,0,0,0,1
12,31,46,40.63426972,-8.66013624,5,14,0,0,0,1
12,31,46,40.63426972,-8.66013624,5,14,0,0,0,1
12,31,46,40.63426972,-8.66013812,5,14,0,0,0,1
12,31,47,40.63426972,-8.66013812,5,14,0,0,0,1
12,31,47,40.63426972,-8.66013812,5,14,0,0,0,1
12,31,47,40.63426972,-8.66013812,5,14,0,0,0,1
12,31,48,40.63426972,-8.66013812,5,14,0,0,0,1
12,31,48,40.63426972,-8.66013812,5,14,0,0,0,1
12,31,48,40.63426972,-8.66013812,5,14,0,0,0,1
12,31,49,40.63426972,-8.66013812,5,14,0,0,0,1
12,31,49,40.63426972,-8.66013812,5,11,0,0,0,1
12,31,49,40.63426972,-8.66013812,5,11,0,0,0,1
12,31,50,40.63426972,-8.66013812,5,11,0,0,0,1
12,31,50,40.63426972,-8.66013812,5,11,0,0,0,1
12,31,50,40.63426972,-8.66013812,5,11,0,0,0,1
12,31,51,40.63426972,-8.66013812,5,11,0,0,0,1
12,31,51,40.63426972,-8.66013812,5,10,0,0,0,1
12,31,51,40.63426972,-8.66013812,5,10,0,0,0,1
12,31,52,40.63426972,-8.66013812,5,10,0,0,0,1
12,31,52,40.63426972,-8.66013812,5,10,0,0,0,1
12,31,52,40.63426972,-8.66013812,5,10,0,0,0,1
12,31,53,40.63426972,-8.66013812,5,10,0,0,0,1
12,31,53,40.63426972,-8.66013812,5,10,0,0,0,1
12,31,53,40.63426972,-8.66013812,5,10,0,0,0,1
12,31,54,40.63426972,-8.66013812,5,10,0,0,0,1
12,31,54,40.63426972,-8.66013812,5,10,0,0,0,1
12,31,54,40.63426972,-8.66013812,5,10,0,0,0,1
12,31,55,40.63426972,-8.66013812,5,10,0,0,0,1
12,31,55,40.63426972,-8.66013812,5,10,0,0,0,1
12,31,55,40.63426972,-8.66013812,5,10,0,0,0,1
12,31,56,40.63426972,-8.66013812,5,10,0,0,0,1
12,31,56,40.63426972,-8.66013812,5,10,0,0,0,1
12,31,56,40.63426972,-8.66013812,5,10,0,0,0,1
12,31,57,40.63426972,-8.66013812,5,10,0,0,0,1
12,31,57,40.63426972,-8.66013812,5,10,0,0,0,1
12,31,57,40.63426972,-8.66013812,5,10,0,0,0,1
12,31,58,40.63426972,-8.66013812,5,10,0,0,0,1
12,31,58,40.63426972,-8.66013812,5,10,0,0,0,1
12,31,58,40.63426972,-8.66013812,5,11,0,0,0,1
12,31,59,40.63426972,-8.66013812,5,11,0,0,0,1
12,31,59,40.63426972,-8.66013812,5,11,0,0,0,1
12,31,59,40.63426972,-8.66013812,5,11,0,0,0,1
12,32,0,40.63426972,-8.66013812,5,11,0,0,0,1
12,32,0,40.63426972,-8.66013812,5,11,0,0,0,1
12,32,0,40.63426972,-8.66013812,5,11,0,0,0,1
12,32,1,40.63426972,-8.66013812,5,11,0,0,0,1
12,32,1,40.63426972,-8.66013812,5,11,0,0,0,1
12,32,1,40.63426972,-8.66013812,5,11,0,0,0,1
12,32,2,40.63426972,-8.66013812,5,11,0,0,0,1
12,32,2,40.63426972,-8.66013812,5,11,0,0,0,1
12,32,2,40.63426972,-8.66013812,5,11,0,0,0,1
12,32,3,40.63426972,-8.66013812,5,11,0,0,0,1
12,32,3,40.63426972,-8.66013812,5,12,0,0,0,1
12,32,3,40.63426972,-8.66013812,5,12,0,0,0,1
12,32,4,40.63426972,-8.66013812,5,12,0,0,0,1
12,32,4,40.63426972,-8.66013812,5,12,0,0,0,1
12,32,4,40.63426972,-8.66013812,5,12,0,0,0,1
12,32,5,40.63426972,-8.66013812,5,12,0,0,0,1
12,32,5,40.63426972,-8.66013812,5,12,0,0,0,1
12,32,5,40.63426972,-8.66013812,5,12,0,0,0,1
12,32,6,40.63426972,-8.66013812,5,12,0,0,0,1
12,32,6,40.63426972,-8.66013812,5,12,0,0,0,1
12,32,6,40.63426972,-8.66013812,5,12,0,0,0,1
12,32,7,40.63426972,-8.66013812,5,12,0,0,0,1
12,32,7,40.63426972,-8.66013812,5,12,0,0,0,1
12,32,7,40.63426972,-8.66013908,5,12,0,0,0,1
12,32,8,40.63426972,-8.66013812,5,12,0,0,0,1
12,32,8,40.63426972,-8.66013908,5,12,0,0,0,1
12,32,8,40.63426972,-8.66013908,5,12,0,0,0,1
12,32,9,40.63426972,-8.66013908,5,12,0,0,0,1
12,32,9,40.63426972,-8.66013908,5,12,0,0,0,1
12,32,9,40.63426972,-8.66013908,5,12,0,0,0,1
12,32,10,40.63426972,-8.66013908,5,12,0,0,0,1
12,32,10,40.63426972,-8.66013908,5,12,0,0,0,1
12,32,10,40.63426972,-8.66013908,5,12,0,0,0,1
12,32,11,40.63426972,-8.66013908,5,12,0,0,0,1
12,32,11,40.63426972,-8.66013908,5,12,0,0,0,1
12,32,11,40.63426972,-8.66013908,5,12,0,0,0,1
12,32,12,40.63426972,-8.66013908,5,12,0,0,0,1
12,32,12,40.63426972,-8.66013908,5,12,0,0,0,1
12,32,12,40.63426972,-8.66013908,5,12,0,0,0,1
12,32,13,40.63426972,-8.66013908,5,12,0,0,0,1
12,32,13,40.63426972,-8.66013908,5,12,0,0,0,1
12,32,13,40.63426972,-8.66013908,5,12,0,0,0,1
12,32,14,40.63426972,-8.66013908,5,12,0,0,0,1
12,32,14,40.63426972,-8.66013908,5,12,0,0,0,1
12,32,14,40.63426972,-8.66013908,5,12,0,0,0,1
12,32,15,40.63426972,-8.66013908,5,12,0,0,0,1
12,32,15,40.63426972,-8.66013908,5,12,0,0,0,1
12,32,15,40.63426972,-8.66013908,5,12,0,0,0,1
12,32,16,40.63426972,-8.66013908,5,12,0,0,0,1
12,32,16,40.63426972,-8.66013908,5,12,0,0,0,1
12,32,16,40.63426972,-8.66013908,5,12,0,0,0,1
12,32,17,40.63426972,-8.66013908,5,12,0,0,0,1
12,32,17,40.63426972,-8.66013908,5,12,0,0,0,1
12,32,17,40.63426972,-8.66013908,5,12,0,0,0,1
12,32,18,40.63426972,-8.66013908,5,12,0,0,0,1
12,32,18,40.63426972,-8.66013908,5,12,0,0,0,1
12,32,18,40.63426972,-8.66013908,5,12,0,0,0,1
12,32,19,40.63426972,-8.66013908,5,12,0,0,0,1
12,32,19,40.63426972,-8.66013908,5,12,0,0,0,1
12,32,19,40.63426972,-8.66013908,5,12,0,0,0,1
12,32,20,40.63426972,-8.66013908,5,12,0,0,0,1
12,32,20,40.63426972,-8.66013908,5,12,0,0,0,1
12,32,20,40.63426972,-8.66013908,5,12,0,0,0,1
12,32,21,40.63426972,-8.66013908,5,12,0,0,0,1
12,32,21,40.63426972,-8.66013908,5,12,0,0,0,1
12,32,21,40.63426972,-8.66013908,5,12,0,0,0,1
12,32,22,40.63426972,-8.66013908,5,12,0,0,0,1
12,32,22,40.63426972,-8.66013908,5,12,0,0,0,1
12,32,22,40.63426972,-8.66013908,5,12,0,0,0,1
12,32,23,40.63426972,-8.66013908,5,12,0,0,0,1
12,32,23,40.63426972,-8.66013908,5,12,0,0,0,1
12,32,23,40.63426972,-8.66013908,5,12,0,0,0,1
12,32,24,40.63426972,-8.66013908,5,12,0,0,0,1
12,32,24,40.63426972,-8.66013908,5,12,0,0,0,1
12,32,24,40.63426972,-8.66013908,5,12,0,0,0,1
12,32,25,40.63426972,-8.66013908,5,11,0,0,0,1
12,32,25,40.63426972,-8.66013908,5,11,0,0,0,1
12,32,25,40.63426972,-8.66013908,5,11,0,0,0,1
12,32,26,40.63426972,-8.66013908,5,11,0,0,0,1
12,32,26,40.63426972,-8.66013908,5,11,0,0,0,1
12,32,26,40.63426972,-8.66013908,5,11,0,0,0,1
12,32,27,40.63426972,-8.66013908,5,11,0,0,0,1
12,32,27,40.63426972,-8.66013908,5,11,0,0,0,1
12,32,27,40.63426972,-8.66013908,5,11,0,0,0,1
12,32,28,40.63426972,-8.66013908,5,11,0,0,0,1
12,32,28,40.63426972,-8.66013908,5,11,0,0,0,1
12,32,28,40.63426972,-8.66013908,5,11,0,0,0,1
12,32,29,40.63426972,-8.66013908,5,11,0,0,0,1
12,32,29,40.63426972,-8.66013908,5,11,0,0,0,1
12,32,29,40.63426972,-8.66013908,5,11,0,0,0,1
12,32,30,40.63426972,-8.66013908,5,11,0,0,0,1
12,32,30,40.63426972,-8.66013908,5,11,0,0,0,1
12,32,30,40.63426972,-8.66013908,5,11,0,0,0,1
12,32,31,40.63426972,-8.66013908,5,11,0,0,0,1
12,32,31,40.63426972,-8.66013908,5,11,0,0,0,1
12,32,31,40.63426972,-8.66013908,5,11,0,0,0,1
12,32,32,40.63426972,-8.66013908,5,11,0,0,0,1
12,32,32,40.63426972,-8.66013908,5,11,0,0,0,1
12,32,32,40.63426972,-8.66013908,5,11,0,0,0,1
12,32,33,40.63426972,-8.66013908,5,11,0,0,0,1
12,32,33,40.63426972,-8.66013908,5,11,0,0,0,1
12,32,33,40.63426972,-8.66013908,5,11,0,0,0,1
12,32,34,40.63426972,-8.66013908,5,11,0,0,0,1
12,32,34,40.63426972,-8.66013908,5,11,0,0,0,1
12,32,34,40.63426972,-8.66013908,5,11,0,0,0,1
12,32,35,40.63426972,-8.66013908,5,11,0,0,0,1
12,32,35,40.63426972,-8.66013908,5,11,0,0,0,1
12,32,35,40.63426972,-8.66013908,5,11,0,0,0,1
12,32,36,40.63426972,-8.66013908,5,11,0,0,0,1
12,32,36,40.63426972,-8.66013908,5,11,0,0,0,1
12,32,36,40.63426972,-8.66013908,5,11,0,0,0,1
12,32,37,40.63426972,-8.66013908,5,11,0,0,0,1
12,32,37,40.63426972,-8.66013908,5,11,0,0,0,1
12,32,37,40.63426972,-8.66013908,5,11,0,0,0,1
12,32,38,40.63426972,-8.66013908,5,11,0,0,0,1
12,32,38,40.63426972,-8.66013908,5,11,0,0,0,1
12,32,38,40.63426972,-8.66013908,5,11,0,0,0,1
12,32,39,40.63426972,-8.66013908,5,11,0,0,0,1
12,32,39,40.63426972,-8.66013908,5,11,0,0,0,1
12,32,39,40.63426972,-8.66013908,5,11,0,0,0,1
12,32,40,40.63426972,-8.66013908,5,11,0,0,0,1
12,32,40,40.63426972,-8.66013908,5,11,0,0,0,1
12,32,40,40.63426972,-8.66013908,5,11,0,0,0,1
12,32,41,40.63426972,-8.66013908,5,11,0,0,0,1
12,32,41,40.63426972,-8.66013908,5,11,0,0,0,1
12,32,41,40.63426972,-8.66013908,5,11,0,0,0,1
12,32,42,40.63426972,-8.66013908,5,11,0,0,0,1
12,32,42,40.63426972,-8.66013908,5,11,0,0,0,1
12,32,42,40.63426972,-8.66013908,5,11,0,0,0,1
12,32,43,40.63426972,-8.66013908,5,11,0,0,0,1
12,32,43,40.63426972,-8.66013908,5,11,0,0,0,1
12,32,43,40.63426972,-8.66013908,5,11,0,0,0,1
12,32,44,40.63426972,-8.66013908,5,11,0,0,0,1
12,32,44,40.63426972,-8.66013908,5,10,0,0,0,1
12,32,44,40.63426972,-8.66013908,5,10,0,0,0,1
12,32,45,40.63426972,-8.66013908,5,10,0,0,0,1
12,32,45,40.63426972,-8.66013908,5,10,0,0,0,1
12,32,45,40.63426972,-8.66013908,5,10,0,0,0,1
12,32,46,40.63426972,-8.66013908,5,10,0,0,0,1
12,32,46,40.63426972,-8.66013908,5,10,0,0,0,1
12,32,46,40.63426972,-8.66013908,5,10,0,0,0,1
12,32,47,40.63426972,-8.66013908,5,10,0,0,0,1
12,32,47,40.63426972,-8.66013908,5,10,0,0,0,1
12,32,47,40.63426972,-8.66013908,5,10,0,0,0,1
12,32,48,40.63426972,-8.66013908,5,10,0,0,0,1
12,32,48,40.63426972,-8.66013908,5,10,0,0,0,1
12,32,48,40.63426972,-8.66013908,5,10,0,0,0,1
12,32,49,40.63426972,-8.66013908,5,10,0,0,0,1
12,32,49,40.63426972,-8.66013908,5,10,0,0,0,1
12,32,49,40.63426972,-8.66013908,5,10,0,0,0,1
12,32,50,40.63426972,-8.66013908,5,10,0,0,0,1
12,32,50,40.63426972,-8.66013908,5,10,0,0,0,1
12,32,50,40.63426972,-8.66013908,5,10,0,0,0,1
12,32,51,40.63426972,-8.66013908,5,10,0,0,0,1
12,32,51,40.63426972,-8.66013908,5,10,0,0,0,1
12,32,51,40.63426972,-8.66013908,5,10,0,0,0,1
12,32,52,40.63426972,-8.66013908,5,10,0,0,0,1
12,32,52,40.63426972,-8.66013908,5,10,0,0,0,1
12,32,52,40.63426972,-8.66013908,5,10,0,0,0,1
12,32,53,40.63426972,-8.66013908,5,10,0,0,0,1
12,32,53,40.63426972,-8.66013908,5,10,0,0,0,1
12,32,53,40.63426972,-8.66013908,5,10,0,0,0,1
12,32,54,40.63426972,-8.66013908,5,10,0,0,0,1
12,32,54,40.63426972,-8.66013908,5,10,0,0,0,1
12,32,54,40.63426972,-8.66013908,5,10,0,0,0,1
12,32,55,40.63426972,-8.66013908,5,10,0,0,0,1
12,32,55,40.63426972,-8.66013908,5,10,0,0,0,1
12,32,55,40.63426972,-8.66013908,5,10,0,0,0,1
12,32,56,40.63426972,-8.66013908,5,10,0,0,0,1
12,32,56,40.63426972,-8.66013908,5,10,0,0,0,1
12,32,56,40.63426972,-8.66013908,5,10,0,0,0,1
12,32,57,40.63426972,-8.66013908,5,10,0,0,0,1
12,32,57,40.63426972,-8.66013908,5,10,0,0,0,1
12,32,57,40.63426972,-8.66013908,5,10,0,0,0,1
12,32,58,40.63426972,-8.66013908,5,10,0,0,0,1
12,32,58,40.63426972,-8.66013908,5,10,0,0,0,1
12,32,58,40.63426972,-8.66013908,5,10,0,0,0,1
12,32,59,40.63426972,-8.66013908,5,10,0,0,0,1
12,32,59,40.63426972,-8.66013908,5,10,0,0,0,1
12,32,59,40.63426972,-8.66013908,5,10,0,0,0,1
12,33,0,40.63426972,-8.66013908,5,10,0,0,0,1
12,33,0,40.63426972,-8.66013908,5,10,0,0,0,1
12,33,0,40.63426972,-8.66013908,5,10,0,0,0,1
12,33,1,40.63426972,-8.66013908,5,10,0,0,0,1
12,33,1,40.63426972,-8.66013908,5,10,0,0,0,1
12,33,1,40.63426972,-8.66013908,5,10,0,0,0,1
12,33,2,40.63426972,-8.66013908,5,10,0,0,0,1
12,33,2,40.63426972,-8.66013908,5,10,0,0,0,1
12,33,2,40.63426972,-8.66013908,5,10,0,0,0,1
12,33,3,40.63426972,-8.66013908,5,10,0,0,0,1
12,33,3,40.63426972,-8.66013908,5,10,0,0,0,1
12,33,3,40.63426972,-8.66013908,5,10,0,0,0,1
12,33,4,40.63426972,-8.66013908,5,10,0,0,0,1
12,33,4,40.63426972,-8.66013908,5,10,0,0,0,1
12,33,4,40.63426972,-8.66013908,5,10,0,0,0,1
12,33,5,40.63426972,-8.66013908,5,10,0,0,0,1
12,33,5,40.63426972,-8.66013908,5,10,0,0,0,1
12,33,5,40.63426972,-8.66013908,5,10,0,0,0,1
12,33,6,40.63426972,-8.66013908,5,10,0,0,0,1
12,33,6,40.63426972,-8.66013908,5,10,0,0,0,1
12,33,6,40.63426972,-8.66013908,5,10,0,0,0,1
12,33,7,40.63426972,-8.66013908,5,10,0,0,0,1
12,33,7,40.63426972,-8.66013908,5,10,0,0,0,1
12,33,7,40.63426972,-8.66013908,5,10,0,0,0,1
12,33,8,40.63426972,-8.66013908,5,10,0,0,0,1
12,33,8,40.63426972,-8.66013908,5,10,0,0,0,1
12,33,8,40.63426972,-8.66013908,5,10,0,0,0,1
12,33,9,40.63426972,-8.66013908,5,10,0,0,0,1
12,33,9,40.63426972,-8.66013908,5,10,0,0,0,1
12,33,9,40.63426972,-8.66013908,5,10,0,0,0,1
12,33,10,40.63426972,-8.66013908,5,10,0,0,0,1
12,33,10,40.63426972,-8.66013908,5,10,0,0,0,1
12,33,10,40.63426972,-8.66013908,5,10,0,0,0,1
12,33,11,40.63426972,-8.66013908,5,10,0,0,0,1
12,33,11,40.63426972,-8.66013908,5,10,0,0,0,1
12,33,11,40.63426972,-8.66013908,5,10,0,0,0,1
12,33,12,40.63426972,-8.66013908,5,10,0,0,0,1
12,33,12,40.63426972,-8.66013908,5,10,0,0,0,1
12,33,12,40.63426972,-8.66013908,5,10,0,0,0,1
12,33,13,40.63426972,-8.66013908,5,10,0,0,0,1
12,33,13,40.63426972,-8.66013908,5,10,0,0,0,1
12,33,13,40.63426972,-8.66013908,5,10,0,0,0,1
12,33,14,40.63426972,-8.66013908,5,10,0,0,0,1
12,33,14,40.63426972,-8.66013908,5,10,0,0,0,1
12,33,14,40.63426972,-8.66013908,5,10,0,0,0,1
12,33,15,40.63426972,-8.66013908,5,10,0,0,0,1
12,33,15,40.63426972,-8.66013908,5,10,0,0,0,1
12,33,15,40.63426972,-8.66013908,5,10,0,0,0,1
12,33,16,40.63426972,-8.66013908,5,10,0,0,0,1
12,33,16,40.63426972,-8.66013908,5,10,0,0,0,1
12,33,16,40.63426972,-8.66013908,5,10,0,0,0,1
12,33,17,40.63426972,-8.66013908,5,10,0,0,0,1
12,33,17,40.63426972,-8.66013908,5,10,0,0,0,1
12,33,17,40.63426972,-8.66013908,5,10,0,0,0,1
12,33,18,40.63426972,-8.66013908,5,10,0,0,0,1
12,33,18,40.63426972,-8.66013812,5,10,0,0,0,1
12,33,18,40.63426972,-8.66013908,5,10,0,0,0,1
12,33,19,40.63426972,-8.66013908,5,10,0,0,0,1
12,33,19,40.63426972,-8.66013908,5,10,0,0,0,1
12,33,19,40.63426972,-8.66013908,5,10,0,0,0,1
12,33,20,40.63426972,-8.66013908,5,10,0,0,0,1
12,33,20,40.63426972,-8.66013812,5,10,0,0,0,1
12,33,20,40.63426972,-8.66013812,5,10,0,0,0,1
12,33,21,40.63426972,-8.66013812,5,10,0,0,0,1
12,33,21,40.63426972,-8.66013812,5,10,0,0,0,1
12,33,21,40.63426972,-8.66013812,5,10,0,0,0,1
12,33,22,40.63426972,-8.66013812,5,11,0,0,0,1
12,33,22,40.63426972,-8.66013812,5,11,0,0,0,1
12,33,22,40.63426972,-8.66013812,5,11,0,0,0,1
12,33,23,40.63426972,-8.66013812,5,11,0,0,0,1
12,33,23,40.63426972,-8.66013812,5,11,0,0,0,1
12,33,23,40.63426972,-8.66013812,5,11,0,0,0,1
12,33,24,40.63426972,-8.66013812,5,11,0,0,0,1
12,33,24,40.63426972,-8.66013812,5,11,0,0,0,1
12,33,24,40.63426972,-8.66013812,5,11,0,0,0,1
12,33,25,40.63426972,-8.66013812,5,11,0,0,0,1
12,33,25,40.63426972,-8.66013812,5,11,0,0,0,1
12,33,25,40.63426972,-8.66013812,5,11,0,0,0,1
12,33,26,40.63426972,-8.66013812,5,10,0,0,0,1
12,33,26,40.63426972,-8.66013812,5,10,0,0,0,1
12,33,26,40.63426972,-8.66013812,5,10,0,0,0,1
12,33,27,40.63426972,-8.66013812,5,10,0,0,0,1
12,33,27,40.63426972,-8.66013812,5,10,0,0,0,1
12,33,27,40.63426972,-8.66013812,5,10,0,0,0,1
12,33,28,40.63426972,-8.66013812,5,10,0,0,0,1
12,33,28,40.63426972,-8.66013812,5,10,0,0,0,1
12,33,28,40.63426972,-8.66013812,5,10,0,0,0,1
12,33,29,40.63426972,-8.66013812,5,10,0,0,0,1
12,33,29,40.63426972,-8.66013812,5,10,0,0,0,1
12,33,29,40.63426972,-8.66013812,5,10,0,0,0,1
12,33,30,40.63426972,-8.66013812,5,10,0,0,0,1
12,33,30,40.63426972,-8.66013812,5,10,0,0,0,1
12,33,30,40.63426972,-8.66013812,5,10,0,0,0,1
12,33,31,40.63426972,-8.66013812,5,10,0,0,0,1
12,33,31,40.63426972,-8.66013812,5,10,0,0,0,1
12,33,31,40.63426972,-8.66013812,5,10,0,0,0,1
12,33,32,40.63426972,-8.66013812,5,10,0,0,0,1
12,33,32,40.63426972,-8.66013812,5,10,0,0,0,1
12,33,32,40.63426972,-8.66013812,5,10,0,0,0,1
12,33,33,40.63426972,-8.66013812,5,10,0,0,0,1
12,33,33,40.63426972,-8.66013812,5,10,0,0,0,1
12,33,33,40.63426972,-8.66013812,5,10,0,0,0,1
12,33,34,40.63426972,-8.66013812,5,10,0,0,0,1
12,33,34,40.63426972,-8.66013812,5,10,0,0,0,1
12,33,34,40.63426972,-8.66013812,5,10,0,0,0,1
12,33,35,40.63426972,-8.66013812,5,10,0,0,0,1
12,33,35,40.63426972,-8.66013812,5,10,0,0,0,1
12,33,35,40.63426972,-8.66013812,5,10,0,0,0,1
12,33,36,40.63426972,-8.66013812,5,10,0,0,0,1
12,33,36,40.63426972,-8.66013812,5,11,0,0,0,1
12,33,36,40.63426972,-8.66013812,5,11,0,0,0,1
12,33,37,40.63426972,-8.66013812,5,11,0,0,0,1
12,33,37,40.63426972,-8.66013812,5,11,0,0,0,1
12,33,37,40.63426972,-8.66013812,5,11,0,0,0,1
12,33,38,40.63426972,-8.66013812,5,11,0,0,0,1
12,33,38,40.63426972,-8.66013812,5,11,0,0,0,1
12,33,38,40.63426972,-8.66013812,5,11,0,0,0,1
12,33,39,40.63426972,-8.66013812,5,11,0,0,0,1
12,33,39,40.63426972,-8.66013812,5,11,0,0,0,1
12,33,39,40.63426972,-8.66013812,5,11,0,0,0,1
12,33,40,40.63426972,-8.66013812,5,11,0,0,0,1
12,33,40,40.63426972,-8.66013812,5,11,0,0,0,1
12,33,40,40.63426972,-8.66013812,5,11,0,0,0,1
12,33,41,40.63426972,-8.66013812,5,11,0,0,0,1
12,33,41,40.63426972,-8.66013812,5,11,0,0,0,1
12,33,41,40.63426972,-8.66013812,5,11,0,0,0,1
12,33,42,40.63426972,-8.66013812,5,11,0,0,0,1
12,33,42,40.63426972,-8.66013812,5,11,0,0,0,1
12,33,42,40.63426972,-8.66013812,5,11,0,0,0,1
12,33,43,40.63426972,-8.66013812,5,11,0,0,0,1
12,33,43,40.63426972,-8.66013812,5,11,0,0,0,1
12,33,43,40.63426972,-8.66013812,5,11,0,0,0,1
12,33,44,40.63426972,-8.66013812,5,11,0,0,0,1
12,33,44,40.63426972,-8.66013812,5,11,0,0,0,1
12,33,44,40.63426972,-8.66013812,5,11,0,0,0,1
12,33,45,40.63426972,-8.66013812,5,11,0,0,0,1
12,33,45,40.63426972,-8.66013812,5,11,0,0,0,1
12,33,45,40.63426972,-8.66013812,5,11,0,0,0,1
12,33,46,40.63426972,-8.66013812,5,11,0,0,0,1
12,33,46,40.63426972,-8.66013812,5,11,0,0,0,1
12,33,46,40.63426972,-8.66013812,5,11,0,0,0,1
12,33,47,40.63426972,-8.66013812,5,11,0,0,0,1
12,33,47,40.63426972,-8.66013812,5,11,0,0,0,1
12,33,47,40.63426972,-8.66013812,5,11,0,0,0,1
12,33,48,40.63426972,-8.66013812,5,11,0,0,0,1
12,33,48,40.63426972,-8.66013812,5,11,0,0,0,1
12,33,48,40.63426972,-8.66013812,5,11,0,0,0,1
12,33,49,40.63426972,-8.66013812,5,11,0,0,0,1
12,33,49,40.63426972,-8.66013812,5,11,0,0,0,1
12,33,49,40.63426972,-8.66013812,5,11,0,0,0,1
12,33,50,40.63426972,-8.66013812,5,11,0,0,0,1
12,33,50,40.63426972,-8.66013812,5,11,0,0,0,1
12,33,50,40.63426972,-8.66013812,5,11,0,0,0,1
12,33,51,40.63426972,-8.66013812,5,11,0,0,0,1
12,33,51,40.63426972,-8.66013812,5,11,0,0,0,1
12,33,51,40.63426972,-8.66013812,5,11,0,0,0,1
12,33,52,40.63426972,-8.66013812,5,11,0,0,0,1
12,33,52,40.63426972,-8.66013812,5,11,0,0,0,1
12,33,52,40.63426972,-8.66013812,5,11,0,0,0,1
12,33,53,40.63426972,-8.66013812,5,10,0,0,0,1
12,33,53,40.63426972,-8.66013812,5,10,0,0,0,1
12,33,53,40.63426972,-8.66013812,5,10,0,0,0,1
12,33,54,40.63426972,-8.66013812,5,10,0,0,0,1
12,33,54,40.63426972,-8.66013812,5,10,0,0,0,1
12,33,54,40.63426972,-8.66013812,5,10,0,0,0,1
12,33,55,40.63426972,-8.66013812,5,10,0,0,0,1
12,33,55,40.63426972,-8.66013812,5,10,0,0,0,1
12,33,55,40.63426972,-8.66013812,5,10,0,0,0,1
12,33,56,40.63426972,-8.66013812,5,10,0,0,0,1
12,33,56,40.63426972,-8.66013812,5,10,0,0,0,1
12,33,56,40.63426972,-8.66013812,5,12,0,0,0,1
12,33,57,40.63426972,-8.66013812,5,12,0,0,0,1
12,33,57,40.63426972,-8.66013812,5,12,0,0,0,1
12,33,57,40.63426972,-8.66013812,5,12,0,0,0,1
12,33,58,40.63426972,-8.66013812,5,12,0,0,0,1
12,33,58,40.63426972,-8.66013812,5,12,0,0,0,1
12,33,58,40.63426972,-8.66013812,5,12,0,0,0,1
12,33,59,40.63426972,-8.66013812,5,12,0,0,0,1
12,33,59,40.63426972,-8.66013812,5,12,0,0,0,1
12,33,59,40.63426972,-8.66013812,5,12,0,0,0,1
12,34,0,40.63426972,-8.66013812,5,12,0,0,0,1
12,34,0,40.63426972,-8.66013812,5,12,0,0,0,1
12,34,0,40.63426972,-8.66013812,5,12,0,0,0,1
12,34,1,40.63426972,-8.66013812,5,12,0,0,0,1
12,34,1,40.63426972,-8.66013812,5,12,0,0,0,1
12,34,1,40.63426972,-8.66013812,5,12,0,0,0,1
12,34,2,40.63426972,-8.66013812,5,11,0,0,0,1
12,34,2,40.63426972,-8.66013812,5,11,0,0,0,1
12,34,2,40.63426972,-8.66013812,5,11,0,0,0,1
12,34,3,40.63426972,-8.66013812,5,11,0,0,0,1
12,34,3,40.63426972,-8.66013812,5,11,0,0,0,1
12,34,3,40.63426972,-8.66013812,5,11,0,0,0,1
12,34,4,40.63426972,-8.66013812,5,11,0,0,0,1
12,34,4,40.63426972,-8.66013812,5,11,0,0,0,1
12,34,4,40.63426972,-8.66013812,5,11,0,0,0,1
12,34,5,40.63426972,-8.66013812,5,11,0,0,0,1
12,34,5,40.63426972,-8.66013812,5,11,0,0,0,1
12,34,5,40.63426972,-8.66013812,5,11,0,0,0,1
12,34,6,40.63426972,-8.66013812,5,10,0,0,0,1
12,34,6,40.63426972,-8.66013812,5,10,0,0,0,1
12,34,6,40.63426972,-8.66013812,5,10,0,0,0,1
12,34,7,40.63426972,-8.66013812,5,10,0,0,0,1
12,34,7,40.63426972,-8.66013812,5,10,0,0,0,1
12,34,7,40.63426972,-8.66013812,5,10,0,0,0,1
12,34,8,40.63426972,-8.66013812,5,10,0,0,0,1
12,34,8,40.63426972,-8.66013812,5,10,0,0,0,1
12,34,8,40.63426972,-8.66013812,5,10,0,0,0,1
12,34,9,40.63426972,-8.66013812,5,10,0,0,0,1
12,34,9,40.63426972,-8.66013812,5,10,0,0,0,1
12,34,9,40.63426972,-8.66013812,5,10,0,0,0,1
12,34,10,40.63426972,-8.66013812,5,10,0,0,0,1
12,34,10,40.63426972,-8.66013812,5,10,0,0,0,1
12,34,10,40.63426972,-8.66013812,5,10,0,0,0,1
12,34,11,40.63426972,-8.66013812,5,10,0,0,0,1
12,34,11,40.63426972,-8.66013812,5,10,0,0,0,1
12,34,11,40.63426972,-8.66013812,5,10,0,0,0,1
12,34,12,40.63426972,-8.66013812,5,11,0,0,0,1
12,34,12,40.63426972,-8.66013812,5,11,0,0,0,1
12,34,12,40.63426972,-8.66013812,5,11,0,0,0,1
12,34,13,40.63426972,-8.66013812,5,10,0,0,0,1
12,34,13,40.63426972,-8.66013812,5,10,0,0,0,1
12,34,13,40.63426972,-8.66013812,5,10,0,0,0,1
12,34,14,40.63426972,-8.66013812,5,10,0,0,0,1
12,34,14,40.63426972,-8.66013812,5,10,0,0,0,1
12,34,14,40.63426972,-8.66013812,5,10,0,0,0,1
12,34,15,40.63426972,-8.66013812,5,10,0,0,0,1
12,34,15,40.63426972,-8.66013812,5,10,0,0,0,1
12,34,15,40.63426972,-8.66013812,5,10,0,0,0,1
12,34,16,40.63426972,-8.66013812,5,11,0,0,0,1
12,34,16,40.63426972,-8.66013812,5,11,0,0,0,1
12,34,16,40.63426972,-8.66013812,5,11,0,0,0,1
12,34,17,40.63426972,-8.66013812,5,12,0,0,0,1
12,34,17,40.63426972,-8.66013812,5,12,0,0,0,1
12,34,17,40.63426972,-8.66013812,5,12,0,0,0,1
12,34,18,40.63426972,-8.66013812,5,12,0,0,0,1
12,34,18,40.63426972,-8.66013812,5,12,0,0,0,1
12,34,18,40.63426972,-8.66013812,5,12,0,0,0,1
12,34,19,40.63426972,-8.66013812,5,12,0,0,0,1
12,34,19,40.63426972,-8.66013812,5,12,0,0,0,1
12,34,19,40.63426972,-8.66013812,5,12,0,0,0,1
12,34,20,40.63426972,-8.66013812,5,12,0,0,0,1
12,34,20,40.63426972,-8.66013812,5,12,0,0,0,1
12,34,20,40.63426972,-8.66013812,5,12,0,0,0,1
12,34,21,40.63426972,-8.66013812,5,12,0,0,0,1
12,34,21,40.63426972,-8.66013812,5,12,0,0,0,1
12,34,21,40.63426972,-8.66013812,5,12,0,0,0,1
12,34,22,40.63426972,-8.66013812,5,13,0,0,0,1
12,34,22,40.63426972,-8.66013812,5,13,0,0,0,1
12,34,22,40.63426972,-8.66013812,5,13,0,0,0,1
12,34,23,40.63426972,-8.66013812,5,13,0,0,0,1
12,34,23,40.63426972,-8.66013812,5,13,0,0,0,1
12,34,23,40.63426972,-8.66013812,5,13,0,0,0,1
12,34,24,40.63426972,-8.66013812,5,13,0,0,0,1
12,34,24,40.63426972,-8.66013812,5,13,0,0,0,1
12,34,24,40.63426972,-8.66013812,5,13,0,0,0,1
12,34,25,40.63426972,-8.66013812,5,13,0,0,0,1
12,34,25,40.63426972,-8.66013812,5,13,0,0,0,1
12,34,26,40.63426972,-8.66013812,5,10,0,0,0,1
12,34,26,40.63426972,-8.66013812,5,10,0,0,0,1
12,34,26,40.63426972,-8.66013812,5,10,0,0,0,1
12,34,27,40.63426972,-8.66013812,5,10,0,0,0,1
12,34,27,40.63426972,-8.66013812,5,10,0,0,0,1
12,34,27,40.63426972,-8.66013812,5,10,0,0,0,1
12,34,28,40.63426972,-8.66013812,5,10,0,0,0,1
12,34,28,40.63426972,-8.66013812,5,10,0,0,0,1
12,34,28,40.63426972,-8.66013812,5,10,0,0,0,1
12,34,29,40.63426972,-8.66013812,5,10,0,0,0,1
12,34,29,40.63426972,-8.66013812,5,10,0,0,0,1
12,34,29,40.63426972,-8.66013812,5,10,0,0,0,1
12,34,30,40.63426972,-8.66013812,5,10,0,0,0,1
12,34,30,40.63426972,-8.66013812,5,10,0,0,0,1
12,34,30,40.63426972,-8.66013812,5,10,0,0,0,1
12,34,31,40.63426972,-8.66013812,5,10,0,0,0,1
12,34,31,40.63426972,-8.66013812,5,10,0,0,0,1
12,34,31,40.63426972,-8.66013812,5,10,0,0,0,1
12,34,32,40.63426972,-8.66013812,5,10,0,0,0,1
12,34,32,40.63426972,-8.66013812,5,10,0,0,0,1
12,34,32,40.63426972,-8.66013908,5,10,0,0,0,1
12,34,33,40.63426972,-8.66013908,5,10,0,0,0,1
12,34,33,40.63426972,-8.66013908,5,10,0,0,0,1
12,34,33,40.63426972,-8.66013908,5,10,0,0,0,1
12,34,34,40.63426972,-8.66013908,5,10,0,0,0,1
12,34,34,40.63426972,-8.66013908,5,10,0,0,0,1
12,34,34,40.63426972,-8.66013908,5,10,0,0,0,1
12,34,35,40.63426972,-8.66013908,5,11,0,0,0,1
12,34,35,40.63426972,-8.66013908,5,11,0,0,0,1
12,34,35,40.63426972,-8.66013908,5,11,0,0,0,1
12,34,36,40.63426972,-8.66013908,5,11,0,0,0,1
12,34,36,40.63426972,-8.66013908,5,11,0,0,0,1
12,34,36,40.63426972,-8.66013908,5,11,0,0,0,1
12,34,37,40.63426972,-8.66013908,5,11,0,0,0,1
12,34,37,40.63426972,-8.66013908,5,11,0,0,0,1
12,34,37,40.63426972,-8.66013908,5,11,0,0,0,1
12,34,38,40.63426972,-8.66013908,5,10,0,0,0,1
12,34,38,40.63426972,-8.66013908,5,10,0,0,0,1
12,34,38,40.63426972,-8.66013908,5,10,0,0,0,1
12,34,39,40.63426972,-8.66013908,5,10,0,0,0,1
12,34,39,40.63426972,-8.66013908,5,10,0,0,0,1
12,34,39,40.63426972,-8.66013908,5,10,0,0,0,1
12,34,40,40.63426972,-8.66013908,5,10,0,0,0,1
12,34,40,40.63426972,-8.66013908,5,10,0,0,0,1
12,34,40,40.63426972,-8.66013908,5,10,0,0,0,1
12,34,41,40.63426972,-8.66013908,5,10,0,0,0,1
12,34,41,40.63426972,-8.66013908,5,10,0,0,0,1
12,34,41,40.63426972,-8.66013908,5,10,0,0,0,1
12,34,42,40.63426972,-8.66013908,5,10,0,0,0,1
12,34,42,40.63426972,-8.66013908,5,10,0,0,0,1
12,34,42,40.63426972,-8.66013908,5,10,0,0,0,1
12,34,43,40.63426972,-8.66013908,5,10,0,0,0,1
12,34,43,40.63426972,-8.66013908,5,10,0,0,0,1
12,34,43,40.63426972,-8.66013908,5,10,0,0,0,1
12,34,44,40.63426972,-8.66013908,5,10,0,0,0,1
12,34,44,40.63426972,-8.66013908,5,10,0,0,0,1
12,34,44,40.63426972,-8.66013908,5,10,0,0,0,1
12,34,45,40.63426972,-8.66013908,5,10,0,0,0,1
12,34,45,40.63426972,-8.66013908,5,10,0,0,0,1
12,34,45,40.63426972,-8.66013908,5,10,0,0,0,1
12,34,46,40.63426972,-8.66013908,5,10,0,0,0,1
12,34,46,40.63426972,-8.66013908,5,10,0,0,0,1
12,34,46,40.63426972,-8.66013908,5,10,0,0,0,1
12,34,47,40.63426972,-8.66013908,5,10,0,0,0,1
12,34,47,40.63426972,-8.66013908,5,10,0,0,0,1
12,34,47,40.63426972,-8.66013908,5,10,0,0,0,1
12,34,48,40.63426972,-8.66013908,5,10,0,0,0,1
12,34,48,40.63426972,-8.66013908,5,10,0,0,0,1
12,34,48,40.63426972,-8.66013908,5,10,0,0,0,1
12,34,49,40.63426972,-8.66013908,5,10,0,0,0,1
12,34,49,40.63426972,-8.66013908,5,10,0,0,0,1
12,34,49,40.63426972,-8.66013908,5,10,0,0,0,1
12,34,50,40.63426972,-8.66013908,5,10,0,0,0,1
12,34,50,40.63426972,-8.66013908,5,10,0,0,0,1
12,34,50,40.63426972,-8.66013908,5,10,0,0,0,1
12,34,51,40.63426972,-8.66013908,5,10,0,0,0,1
12,34,51,40.63426972,-8.66013908,5,10,0,0,0,1
12,34,51,40.63426972,-8.66013908,5,10,0,0,0,1
12,34,52,40.63426972,-8.66013908,5,10,0,0,0,1
12,34,52,40.63426972,-8.66013908,5,10,0,0,0,1
12,34,52,40.63426972,-8.66013812,5,10,0,0,0,1
12,34,53,40.63426972,-8.66013812,5,11,0,0,0,1
12,34,53,40.63426972,-8.66013812,5,11,0,0,0,1
12,34,53,40.63426972,-8.66013812,5,11,0,0,0,1
12,34,54,40.63426972,-8.66013812,5,11,0,0,0,1
12,34,54,40.63426972,-8.66013812,5,11,0,0,0,1
12,34,54,40.63426972,-8.66013812,5,11,0,0,0,1
12,34,55,40.63426972,-8.66013812,5,11,0,0,0,1
12,34,55,40.63426972,-8.66013812,5,11,0,0,0,1
12,34,55,40.63426972,-8.66013812,5,11,0,0,0,1
12,34,56,40.63426972,-8.66013812,5,11,0,0,0,1
12,34,56,40.63426972,-8.66013812,5,11,0,0,0,1
12,34,56,40.63426972,-8.66013812,5,11,0,0,0,1
12,34,57,40.63426972,-8.66013812,5,12,0,0,0,1
12,34,57,40.63426972,-8.66013812,5,12,0,0,0,1
12,34,57,40.63426972,-8.66013812,5,12,0,0,0,1
12,34,58,40.63426972,-8.66013812,5,12,0,0,0,1
12,34,58,40.63426972,-8.66013812,5,12,0,0,0,1
12,34,58,40.63426972,-8.66013812,5,12,0,0,0,1
12,34,59,40.63426972,-8.66013812,5,12,0,0,0,1
12,34,59,40.63426972,-8.66013812,5,12,0,0,0,1
12,34,59,40.63426972,-8.66013812,5,12,0,0,0,1
12,35,0,40.63426972,-8.66013812,5,12,0,0,0,1
12,35,0,40.63426972,-8.66013812,5,12,0,0,0,1
12,35,0,40.63426972,-8.66013812,5,12,0,0,0,1
12,35,1,40.63426972,-8.66013812,5,12,0,0,0,1
12,35,1,40.63426972,-8.66013812,5,12,0,0,0,1
12,35,1,40.63426972,-8.66013812,5,12,0,0,0,1
12,35,2,40.63426972,-8.66013812,5,10,0,0,0,1
12,35,2,40.63426972,-8.66013812,5,10,0,0,0,1
12,35,2,40.63426972,-8.66013812,5,10,0,0,0,1
12,35,3,40.63426972,-8.66013812,5,10,0,0,0,1
12,35,3,40.63426972,-8.66013812,5,10,0,0,0,1
12,35,3,40.63426972,-8.66013812,5,10,0,0,0,1
12,35,4,40.63426972,-8.66013812,5,10,0,0,0,1
12,35,4,40.63426972,-8.66013812,5,10,0,0,0,1
12,35,4,40.63426972,-8.66013812,5,10,0,0,0,1
12,35,5,40.63426972,-8.66013812,5,10,0,0,0,1
12,35,5,40.63426972,-8.66013812,5,10,0,0,0,1
12,35,5,40.63426972,-8.66013812,5,10,0,0,0,1
12,35,6,40.63426972,-8.66013812,5,10,0,0,0,1
12,35,6,40.63426972,-8.66013812,5,10,0,0,0,1
12,35,6,40.63426972,-8.66013812,5,10,0,0,0,1
12,35,7,40.63426972,-8.66013812,5,10,0,0,0,1
12,35,7,40.63426972,-8.66013812,5,10,0,0,0,1
12,35,7,40.63426972,-8.66013812,5,10,0,0,0,1
12,35,8,40.63426972,-8.66013812,5,10,0,0,0,1
12,35,8,40.63426972,-8.66013812,5,10,0,0,0,1
12,35,8,40.63426972,-8.66013812,5,10,0,0,0,1
12,35,9,40.63426972,-8.66013812,5,10,0,0,0,1
12,35,9,40.63426972,-8.66013812,5,10,0,0,0,1
12,35,9,40.63426972,-8.66013812,5,10,0,0,0,1
12,35,10,40.63426972,-8.66013812,5,10,0,0,0,1
12,35,10,40.63426972,-8.66013812,5,10,0,0,0,1
12,35,10,40.63426972,-8.66013812,5,10,0,0,0,1
12,35,11,40.63426972,-8.66013812,5,10,0,0,0,1
12,35,11,40.63426972,-8.66013812,5,10,0,0,0,1
12,35,11,40.63426972,-8.66013812,5,10,0,0,0,1
12,35,12,40.63426972,-8.66013812,5,10,0,0,0,1
12,35,12,40.63426972,-8.66013812,5,10,0,0,0,1
12,35,12,40.63426972,-8.66013812,5,10,0,0,0,1
12,35,13,40.63426972,-8.66013812,5,10,0,0,0,1
12,35,13,40.63426972,-8.66013812,5,10,0,0,0,1
12,35,13,40.63426972,-8.66013812,5,10,0,0,0,1
12,35,14,40.63426972,-8.66013812,5,10,0,0,0,1
12,35,14,40.63426972,-8.66013812,5,10,0,0,0,1
12,35,14,40.63426972,-8.66013812,5,10,0,0,0,1
12,35,15,40.63426972,-8.66013812,5,10,0,0,0,1
12,35,15,40.63426972,-8.66013812,5,10,0,0,0,1
12,35,15,40.63426972,-8.66013812,5,10,0,0,0,1
12,35,16,40.63426972,-8.66013812,5,10,0,0,0,1
12,35,16,40.63426972,-8.66013812,5,10,0,0,0,1
12,35,16,40.63426972,-8.66013812,5,10,0,0,0,1
12,35,17,40.63426972,-8.66013812,5,10,0,0,0,1
12,35,17,40.63426972,-8.66013812,5,10,0,0,0,1
12,35,17,40.63426972,-8.66013812,5,10,0,0,0,1
12,35,18,40.63426972,-8.66013812,5,10,0,0,0,1
12,35,18,40.63426972,-8.66013812,5,10,0,0,0,1
12,35,19,40.63426972,-8.66013812,5,10,0,0,0,1
12,35,19,40.63426972,-8.66013812,5,10,0,0,0,1
12,35,19,40.63426972,-8.66013812,5,10,0,0,0,1
12,35,20,40.63426972,-8.66013812,5,10,0,0,0,1
12,35,20,40.63426972,-8.66013812,5,10,0,0,0,1
12,35,20,40.63426972,-8.66013812,5,10,0,0,0,1
12,35,21,40.63426972,-8.66013812,5,10,0,0,0,1
12,35,21,40.63426972,-8.66013812,5,10,0,0,0,1
12,35,21,40.63426972,-8.66013812,5,10,0,0,0,1
12,35,22,40.63426972,-8.66013812,5,10,0,0,0,1
12,35,22,40.63426972,-8.66013812,5,10,0,0,0,1
12,35,22,40.63426972,-8.66013812,5,10,0,0,0,1
12,35,23,40.63426972,-8.66013812,5,10,0,0,0,1
12,35,23,40.63426972,-8.66013812,5,10,0,0,0,1
