16,58,49,40.63436128,-8.66011240,1,0,0,0,0,1
16,58,49,40.63436128,-8.66011240,1,0,0,0,0,1
16,58,50,40.63436128,-8.66011240,1,0,0,0,0,1
16,58,50,40.63436128,-8.66011240,1,0,0,0,0,1
16,58,50,40.63436128,-8.66011240,1,0,0,0,0,1
16,58,51,40.63436128,-8.66011240,1,0,0,0,0,1
16,58,51,40.63436128,-8.66011240,1,0,0,0,0,1
16,58,51,40.63436128,-8.66011240,1,0,0,0,0,1
16,58,52,40.63436128,-8.66011240,1,0,0,0,0,1
16,58,52,40.63436128,-8.66011428,1,0,0,0,0,1
16,58,52,40.63436128,-8.66011428,1,0,0,0,0,1
16,58,53,40.63436128,-8.66011524,1,0,0,0,0,1
16,58,53,40.63436128,-8.66011524,1,0,0,0,0,1
16,58,53,40.63436128,-8.66011620,1,0,0,0,0,1
16,58,54,40.63436128,-8.66011904,1,0,0,0,0,1
16,58,54,40.63436128,-8.66011904,1,0,0,0,0,1
16,58,54,40.63436128,-8.66012096,1,0,0,0,0,1
16,58,55,40.63436128,-8.66012192,1,0,0,0,0,1
16,58,55,40.63436128,-8.66012384,1,0,0,0,0,1
16,58,55,40.63436128,-8.66012476,1,0,0,0,0,1
16,58,56,40.63436128,-8.66012476,1,0,0,0,0,1
16,58,56,40.63436128,-8.66012572,1,0,0,0,0,1
16,58,56,40.63436128,-8.66012764,1,0,0,0,0,1
16,58,57,40.63436128,-8.66012860,1,0,0,0,0,1
16,58,57,40.63436128,-8.66012860,1,0,0,0,0,1
16,58,57,40.63435744,-8.66012956,1,0,0,0,0,1
16,58,58,40.63435744,-8.66012956,1,0,0,0,0,1
16,58,58,40.63435744,-8.66012956,1,0,0,0,0,1
16,58,58,40.63435744,-8.66013052,1,0,0,0,0,1
16,58,59,40.63435744,-8.66013052,1,0,0,0,0,1
16,58,59,40.63435744,-8.66013240,1,0,0,0,0,1
16,58,59,40.63435744,-8.66013240,1,0,0,0,0,1
16,58,59,40.63435744,-8.66013240,1,0,0,0,0,1
16,59,0,40.63435744,-8.66013432,1,0,0,0,0,1
16,59,0,40.63435364,-8.66013240,1,0,0,0,0,1
16,59,1,40.63434600,-8.66013052,1,0,0,0,0,1
16,59,1,40.63434220,-8.66012956,1,0,0,0,0,1
16,59,1,40.63434220,-8.66012956,1,0,0,0,0,1
16,59,2,40.63434220,-8.66012860,1,0,0,0,0,1
16,59,2,40.63433836,-8.66012764,1,0,0,0,0,1
16,59,2,40.63433836,-8.66012572,1,0,0,0,0,1
16,59,3,40.63433836,-8.66012476,1,0,0,0,0,1
16,59,3,40.63426588,-8.66012476,5,0,0,0,0,1
16,59,3,40.63426588,-8.66012572,5,0,0,0,0,1
16,59,4,40.63426588,-8.66012572,5,0,0,0,0,1
16,59,4,40.63426588,-8.66012764,5,13,0,0,0,1
16,59,4,40.63426588,-8.66012860,5,13,0,0,0,1
16,59,5,40.63426588,-8.66012860,5,12,0,0,0,1
16,59,5,40.63426588,-8.66012956,5,10,0,0,0,1
16,59,5,40.63426588,-8.66012956,5,10,0,0,0,1
16,59,6,40.63426588,-8.66012956,5,10,0,0,0,1
16,59,6,40.63426588,-8.66013052,5,10,0,0,0,1
16,59,6,40.63426588,-8.66013052,5,10,0,0,0,1
16,59,7,40.63426588,-8.66013052,5,10,0,0,0,1
16,59,7,40.63426588,-8.66013052,5,11,0,0,0,1
16,59,7,40.63426588,-8.66013240,5,10,0,0,0,1
16,59,8,40.63426588,-8.66013240,5,10,0,0,0,1
16,59,8,40.63425828,-8.66013240,5,13,0,0,0,1
16,59,8,40.63426588,-8.66013432,5,13,0,0,0,1
16,59,9,40.63426588,-8.66013432,5,13,0,0,0,1
16,59,9,40.63425828,-8.66013240,5,13,0,0,0,1
16,59,9,40.63425828,-8.66013240,5,13,0,0,0,1
16,59,10,40.63425828,-8.66013240,5,13,0,0,0,1
16,59,10,40.63425828,-8.66013240,5,14,0,0,0,1
16,59,11,40.63425828,-8.66013240,5,14,0,0,0,1
16,59,11,40.63425828,-8.66013240,5,14,0,0,0,1
16,59,11,40.63425828,-8.66013052,5,14,0,0,0,1
16,59,12,40.63425828,-8.66013052,5,14,0,0,0,1
16,59,12,40.63425828,-8.66013052,5,14,0,0,0,1
16,59,12,40.63425828,-8.66012956,5,14,0,0,0,1
16,59,13,40.63425828,-8.66012956,5,14,0,0,0,1
16,59,13,40.63425828,-8.66012956,5,14,0,0,0,1
16,59,13,40.63425828,-8.66012956,5,14,0,0,0,1
16,59,14,40.63425828,-8.66012956,5,14,0,0,0,1
16,59,14,40.63425828,-8.66012956,5,12,0,0,0,1
16,59,14,40.63425828,-8.66012956,5,12,0,0,0,1
16,59,15,40.63425828,-8.66012956,5,12,0,0,0,1
16,59,15,40.63425828,-8.66012860,5,12,0,0,0,1
16,59,15,40.63425828,-8.66012860,5,12,0,0,0,1
16,59,16,40.63425828,-8.66012860,5,12,0,0,0,1
16,59,16,40.63425828,-8.66012860,5,12,0,0,0,1
16,59,16,40.63425828,-8.66012764,5,12,0,0,0,1
16,59,17,40.63425828,-8.66012764,5,12,0,0,0,1
16,59,17,40.63425828,-8.66012764,5,10,0,0,0,1
16,59,17,40.63425444,-8.66012764,5,10,0,0,0,1
16,59,18,40.63425444,-8.66012764,5,10,0,0,0,1
16,59,18,40.63425444,-8.66012764,5,10,0,0,0,1
16,59,18,40.63425444,-8.66012764,5,10,0,0,0,1
16,59,19,40.63425444,-8.66012764,5,10,0,0,0,1
16,59,19,40.63425444,-8.66012572,5,10,0,0,0,1
16,59,19,40.63425444,-8.66012764,5,11,0,0,0,1
16,59,20,40.63425444,-8.66012764,5,11,0,0,0,1
16,59,20,40.63425444,-8.66012764,5,11,0,0,0,1
16,59,20,40.63425444,-8.66012764,5,11,0,0,0,1
16,59,21,40.63425444,-8.66012764,5,11,0,0,0,1
16,59,21,40.63425444,-8.66012860,5,11,0,0,0,1
16,59,21,40.63425444,-8.66012860,5,11,0,0,0,1
16,59,22,40.63425444,-8.66012860,5,11,0,0,0,1
16,59,22,40.63425444,-8.66012860,5,10,0,0,0,1
16,59,22,40.63425064,-8.66012956,5,10,0,0,0,1
16,59,23,40.63425064,-8.66012956,5,10,0,0,0,1
16,59,23,40.63425064,-8.66012956,5,10,0,0,0,1
16,59,23,40.63425064,-8.66012956,5,10,0,0,0,1
16,59,24,40.63425064,-8.66012956,5,10,0,0,0,1
16,59,24,40.63425064,-8.66013052,5,10,0,0,0,1
16,59,24,40.63425064,-8.66013240,5,10,0,0,0,1
16,59,25,40.63425064,-8.66013240,5,10,0,0,0,1
16,59,25,40.63425064,-8.66013240,5,10,0,0,0,1
16,59,25,40.63425064,-8.66013432,5,10,0,0,0,1
16,59,26,40.63425064,-8.66013432,5,10,0,0,0,1
16,59,26,40.63425064,-8.66013432,5,10,0,0,0,1
16,59,26,40.63425064,-8.66013528,5,10,0,0,0,1
16,59,27,40.63425064,-8.66013528,5,10,0,0,0,1
16,59,27,40.63425064,-8.66013528,5,10,0,0,0,1
16,59,27,40.63425064,-8.66013624,5,10,0,0,0,1
16,59,28,40.63425064,-8.66013624,5,10,0,0,0,1
16,59,28,40.63425064,-8.66013624,5,10,0,0,0,1
16,59,28,40.63425064,-8.66013624,5,10,0,0,0,1
16,59,29,40.63425064,-8.66013624,5,10,0,0,0,1
16,59,29,40.63425064,-8.66013624,5,10,0,0,0,1
16,59,29,40.63425064,-8.66013624,5,10,0,0,0,1
16,59,30,40.63425064,-8.66013624,5,10,0,0,0,1
16,59,30,40.63425444,-8.66013624,5,10,0,0,0,1
16,59,30,40.63425444,-8.66013624,5,10,0,0,0,1
16,59,31,40.63425444,-8.66013624,5,10,0,0,0,1
16,59,31,40.63425444,-8.66013624,5,10,0,0,0,1
16,59,31,40.63425444,-8.66013624,5,10,0,0,0,1
16,59,32,40.63425444,-8.66013624,5,10,0,0,0,1
16,59,32,40.63425444,-8.66013624,5,10,0,0,0,1
16,59,32,40.63425444,-8.66013624,5,10,0,0,0,1
16,59,33,40.63425444,-8.66013624,5,10,0,0,0,1
16,59,33,40.63425444,-8.66013624,5,10,0,0,0,1
16,59,33,40.63425444,-8.66013624,5,10,0,0,0,1
16,59,34,40.63425444,-8.66013624,5,10,0,0,0,1
16,59,34,40.63425444,-8.66013812,5,10,0,0,0,1
16,59,34,40.63425828,-8.66013812,5,10,0,0,0,1
16,59,35,40.63425828,-8.66013812,5,10,0,0,0,1
16,59,35,40.63425828,-8.66013812,5,10,0,0,0,1
16,59,35,40.63425828,-8.66013908,5,10,0,0,0,1
16,59,36,40.63425828,-8.66013908,5,10,0,0,0,1
16,59,36,40.63425828,-8.66013908,5,10,0,0,0,1
16,59,36,40.63425828,-8.66013908,5,10,0,0,0,1
16,59,37,40.63425828,-8.66013908,5,10,0,0,0,1
16,59,37,40.63425828,-8.66014004,5,10,0,0,0,1
16,59,37,40.63425828,-8.66014004,5,10,0,0,0,1
16,59,38,40.63425828,-8.66014004,5,10,0,0,0,1
16,59,38,40.63425828,-8.66014004,5,10,0,0,0,1
16,59,38,40.63425828,-8.66014196,5,10,0,0,0,1
16,59,39,40.63425828,-8.66014196,5,10,0,0,0,1
16,59,39,40.63426588,-8.66014196,5,10,0,0,0,1
16,59,39,40.63426588,-8.66014196,5,10,0,0,0,1
16,59,40,40.63426588,-8.66014196,5,10,0,0,0,1
16,59,40,40.63426588,-8.66014196,5,10,0,0,0,1
16,59,40,40.63426588,-8.66014196,5,10,0,0,0,1
16,59,41,40.63426588,-8.66014196,5,10,0,0,0,1
16,59,41,40.63426588,-8.66014288,5,10,0,0,0,1
16,59,41,40.63426588,-8.66014288,5,10,0,0,0,1
16,59,42,40.63426588,-8.66014288,5,10,0,0,0,1
16,59,42,40.63426588,-8.66014288,5,10,0,0,0,1
16,59,42,40.63426588,-8.66014288,5,10,0,0,0,1
16,59,43,40.63426588,-8.66014288,5,10,0,0,0,1
16,59,43,40.63426588,-8.66014288,5,10,0,0,0,1
16,59,43,40.63426588,-8.66014288,5,10,0,0,0,1
16,59,44,40.63426588,-8.66014288,5,10,0,0,0,1
16,59,44,40.63426588,-8.66014288,5,10,0,0,0,1
16,59,44,40.63426588,-8.66014288,5,10,0,0,0,1
16,59,45,40.63426588,-8.66014288,5,10,0,0,0,1
16,59,45,40.63426588,-8.66014384,5,10,0,0,0,1
16,59,45,40.63426588,-8.66014384,5,10,0,0,0,1
16,59,46,40.63426588,-8.66014384,5,10,0,0,0,1
16,59,46,40.63426588,-8.66014384,5,10,0,0,0,1
16,59,46,40.63426588,-8.66014384,5,10,0,0,0,1
16,59,47,40.63426588,-8.66014384,5,10,0,0,0,1
16,59,47,40.63426588,-8.66014480,5,10,0,0,0,1
16,59,47,40.63426588,-8.66014480,5,10,0,0,0,1
16,59,48,40.63426588,-8.66014480,5,10,0,0,0,1
16,59,48,40.63426588,-8.66014480,5,10,0,0,0,1
16,59,48,40.63426588,-8.66014480,5,10,0,0,0,1
16,59,49,40.63426588,-8.66014480,5,10,0,0,0,1
16,59,49,40.63426588,-8.66014480,5,10,0,0,0,1
16,59,49,40.63426588,-8.66014672,5,10,0,0,0,1
16,59,50,40.63426588,-8.66014672,5,10,0,0,0,1
16,59,50,40.63426588,-8.66014672,5,10,0,0,0,1
16,59,50,40.63426588,-8.66014672,5,10,0,0,0,1
16,59,50,40.63426588,-8.66014672,5,11,0,0,0,1
16,59,51,40.63426588,-8.66014672,5,11,0,0,0,1
16,59,51,40.63426588,-8.66014672,5,11,0,0,0,1
16,59,52,40.63426588,-8.66014672,5,11,0,0,0,1
16,59,52,40.63426588,-8.66014672,5,11,0,0,0,1
16,59,52,40.63426588,-8.66014768,5,11,0,0,0,1
16,59,53,40.63426588,-8.66014768,5,11,0,0,0,1
16,59,53,40.63426588,-8.66014768,5,11,0,0,0,1
16,59,53,40.63426588,-8.66014768,5,11,0,0,0,1
16,59,54,40.63426588,-8.66014768,5,11,0,0,0,1
16,59,54,40.63426588,-8.66014768,5,11,0,0,0,1
16,59,54,40.63426588,-8.66014768,5,11,0,0,0,1
16,59,55,40.63426588,-8.66014768,5,11,0,0,0,1
16,59,55,40.63426588,-8.66014768,5,11,0,0,0,1
16,59,55,40.63426588,-8.66014768,5,11,0,0,0,1
16,59,56,40.63426588,-8.66014768,5,11,0,0,0,1
16,59,56,40.63426588,-8.66014768,5,11,0,0,0,1
16,59,56,40.63426588,-8.66014768,5,11,0,0,0,1
16,59,57,40.63426588,-8.66014768,5,11,0,0,0,1
16,59,57,40.63426588,-8.66014768,5,11,0,0,0,1
16,59,57,40.63426588,-8.66014768,5,11,0,0,0,1
16,59,58,40.63426588,-8.66014768,5,11,0,0,0,1
16,59,58,40.63426588,-8.66014768,5,11,0,0,0,1
16,59,58,40.63426588,-8.66014672,5,11,0,0,0,1
16,59,59,40.63426588,-8.66014672,5,11,0,0,0,1
16,59,59,40.63426588,-8.66014672,5,11,0,0,0,1
16,59,59,40.63426588,-8.66014672,5,11,0,0,0,1
17,0,0,40.63426588,-8.66014672,5,11,0,0,0,1
17,0,0,40.63426588,-8.66014672,5,11,0,0,0,1
17,0,0,40.63426588,-8.66014672,5,11,0,0,0,1
17,0,1,40.63426588,-8.66014672,5,11,0,0,0,1
17,0,1,40.63426588,-8.66014672,5,11,0,0,0,1
17,0,1,40.63426588,-8.66014672,5,11,0,0,0,1
17,0,2,40.63426588,-8.66014672,5,11,0,0,0,1
17,0,2,40.63426588,-8.66014672,5,11,0,0,0,1
17,0,2,40.63426588,-8.66014672,5,11,0,0,0,1
17,0,3,40.63426588,-8.66014672,5,11,0,0,0,1
17,0,3,40.63426588,-8.66014672,5,11,0,0,0,1
17,0,3,40.63426588,-8.66014672,5,11,0,0,0,1
17,0,4,40.63426588,-8.66014672,5,11,0,0,0,1
17,0,4,40.63426588,-8.66014672,5,11,0,0,0,1
17,0,4,40.63426588,-8.66014672,5,11,0,0,0,1
17,0,5,40.63426588,-8.66014672,5,11,0,0,0,1
17,0,5,40.63426588,-8.66014672,5,10,0,0,0,1
17,0,5,40.63426588,-8.66014672,5,10,0,0,0,1
17,0,6,40.63426588,-8.66014672,5,10,0,0,0,1
17,0,6,40.63426588,-8.66014672,5,10,0,0,0,1
17,0,6,40.63426588,-8.66014672,5,10,0,0,0,1
17,0,7,40.63426588,-8.66014672,5,10,0,0,0,1
17,0,7,40.63426588,-8.66014672,5,10,0,0,0,1
17,0,7,40.63426588,-8.66014672,5,10,0,0,0,1
17,0,8,40.63426588,-8.66014672,5,10,0,0,0,1
17,0,8,40.63426588,-8.66014672,5,10,0,0,0,1
17,0,8,40.63426588,-8.66014672,5,10,0,0,0,1
17,0,9,40.63426588,-8.66014672,5,10,0,0,0,1
17,0,9,40.63426588,-8.66014768,5,10,0,0,0,1
17,0,9,40.63426588,-8.66014768,5,10,0,0,0,1
17,0,10,40.63426588,-8.66014768,5,10,0,0,0,1
17,0,10,40.63426588,-8.66014768,5,10,0,0,0,1
17,0,10,40.63426588,-8.66014768,5,10,0,0,0,1
17,0,11,40.63426588,-8.66014768,5,10,0,0,0,1
17,0,11,40.63426588,-8.66014768,5,11,0,0,0,1
17,0,11,40.63426588,-8.66014768,5,11,0,0,0,1
17,0,12,40.63426588,-8.66014768,5,11,0,0,0,1
17,0,12,40.63426588,-8.66014768,5,11,0,0,0,1
17,0,13,40.63426588,-8.66014768,5,11,0,0,0,1
17,0,13,40.63426588,-8.66014768,5,11,0,0,0,1
17,0,13,40.63426588,-8.66014768,5,11,0,0,0,1
17,0,14,40.63426588,-8.66014768,5,11,0,0,0,1
17,0,14,40.63426588,-8.66014768,5,12,0,0,0,1
17,0,14,40.63426588,-8.66014768,5,12,0,0,0,1
17,0,15,40.63426588,-8.66014768,5,12,0,0,0,1
17,0,15,40.63426588,-8.66014768,5,12,0,0,0,1
17,0,15,40.63426588,-8.66014768,5,12,0,0,0,1
17,0,16,40.63426588,-8.66014768,5,12,0,0,0,1
17,0,16,40.63426588,-8.66014768,5,12,0,0,0,1
17,0,16,40.63426588,-8.66014768,5,12,0,0,0,1
17,0,17,40.63426588,-8.66014768,5,12,0,0,0,1
17,0,17,40.63426588,-8.66014768,5,10,0,0,0,1
17,0,17,40.63426588,-8.66014768,5,10,0,0,0,1
17,0,18,40.63426588,-8.66014768,5,10,0,0,0,1
17,0,18,40.63426588,-8.66014768,5,10,0,0,0,1
17,0,18,40.63426588,-8.66014768,5,10,0,0,0,1
17,0,19,40.63426588,-8.66014768,5,10,0,0,0,1
17,0,19,40.63426588,-8.66014768,5,10,0,0,0,1
17,0,19,40.63426588,-8.66014768,5,10,0,0,0,1
17,0,20,40.63426588,-8.66014768,5,10,0,0,0,1
17,0,20,40.63426588,-8.66014768,5,10,0,0,0,1
17,0,20,40.63426588,-8.66014768,5,10,0,0,0,1
17,0,21,40.63426588,-8.66014768,5,10,0,0,0,1
17,0,21,40.63426588,-8.66014768,5,10,0,0,0,1
17,0,21,40.63426588,-8.66014768,5,11,0,0,0,1
17,0,22,40.63426588,-8.66014768,5,11,0,0,0,1
17,0,22,40.63426588,-8.66014768,5,11,0,0,0,1
17,0,22,40.63426588,-8.66014768,5,11,0,0,0,1
17,0,23,40.63426588,-8.66014768,5,11,0,0,0,1
17,0,23,40.63426588,-8.66014768,5,11,0,0,0,1
17,0,23,40.63426588,-8.66014768,5,11,0,0,0,1
17,0,24,40.63426588,-8.66014768,5,10,0,0,0,1
17,0,24,40.63426588,-8.66014768,5,10,0,0,0,1
17,0,24,40.63426588,-8.66014768,5,10,0,0,0,1
17,0,25,40.63426588,-8.66014768,5,10,0,0,0,1
17,0,25,40.63426588,-8.66014768,5,10,0,0,0,1
17,0,25,40.63426588,-8.66014768,5,10,0,0,0,1
17,0,26,40.63426588,-8.66014768,5,10,0,0,0,1
17,0,26,40.63426588,-8.66014768,5,10,0,0,0,1
17,0,26,40.63426588,-8.66014768,5,10,0,0,0,1
17,0,27,40.63426588,-8.66014768,5,10,0,0,0,1
17,0,27,40.63426588,-8.66014768,5,10,0,0,0,1
17,0,27,40.63426588,-8.66014768,5,10,0,0,0,1
17,0,28,40.63426588,-8.66014768,5,10,0,0,0,1
17,0,28,40.63426588,-8.66014672,5,10,0,0,0,1
17,0,28,40.63426588,-8.66014672,5,10,0,0,0,1
17,0,29,40.63426588,-8.66014672,5,10,0,0,0,1
17,0,29,40.63426588,-8.66014672,5,10,0,0,0,1
17,0,29,40.63426588,-8.66014672,5,10,0,0,0,1
17,0,30,40.63426588,-8.66014672,5,10,0,0,0,1
17,0,30,40.63426588,-8.66014672,5,10,0,0,0,1
17,0,30,40.63426588,-8.66014672,5,10,0,0,0,1
17,0,31,40.63426588,-8.66014672,5,10,0,0,0,1
17,0,31,40.63426588,-8.66014672,5,10,0,0,0,1
17,0,31,40.63426588,-8.66014672,5,10,0,0,0,1
17,0,32,40.63426588,-8.66014672,5,10,0,0,0,1
17,0,32,40.63426588,-8.66014480,5,10,0,0,0,1
17,0,32,40.63426588,-8.66014480,5,10,0,0,0,1
17,0,33,40.63426588,-8.66014480,5,10,0,0,0,1
17,0,33,40.63426588,-8.66014480,5,10,0,0,0,1
17,0,33,40.63426588,-8.66014480,5,10,0,0,0,1
17,0,34,40.63426588,-8.66014480,5,10,0,0,0,1
17,0,34,40.63426588,-8.66014480,5,11,0,0,0,1
17,0,34,40.63426588,-8.66014480,5,11,0,0,0,1
17,0,35,40.63426588,-8.66014480,5,11,0,0,0,1
17,0,35,40.63426588,-8.66014480,5,11,0,0,0,1
17,0,35,40.63426588,-8.66014480,5,11,0,0,0,1
17,0,36,40.63426588,-8.66014480,5,11,0,0,0,1
17,0,36,40.63426588,-8.66014480,5,11,0,0,0,1
17,0,36,40.63426588,-8.66014480,5,11,0,0,0,1
17,0,37,40.63426588,-8.66014480,5,11,0,0,0,1
17,0,37,40.63426588,-8.66014480,5,11,0,0,0,1
17,0,37,40.63426588,-8.66014384,5,11,0,0,0,1
17,0,38,40.63426588,-8.66014384,5,11,0,0,0,1
17,0,38,40.63426588,-8.66014384,5,11,0,0,0,1
17,0,38,40.63426588,-8.66014384,5,11,0,0,0,1
17,0,39,40.63426588,-8.66014384,5,11,0,0,0,1
17,0,39,40.63426588,-8.66014384,5,11,0,0,0,1
17,0,39,40.63426588,-8.66014384,5,12,0,0,0,1
17,0,40,40.63426588,-8.66014384,5,12,0,0,0,1
17,0,40,40.63426588,-8.66014384,5,12,0,0,0,1
17,0,40,40.63426588,-8.66014384,5,12,0,0,0,1
17,0,41,40.63426588,-8.66014384,5,12,0,0,0,1
17,0,41,40.63426588,-8.66014384,5,12,0,0,0,1
17,0,41,40.63426588,-8.66014384,5,12,0,0,0,1
17,0,42,40.63426588,-8.66014384,5,12,0,0,0,1
17,0,42,40.63426588,-8.66014384,5,13,0,0,0,1
17,0,42,40.63426588,-8.66014384,5,13,0,0,0,1
17,0,43,40.63426588,-8.66014384,5,13,0,0,0,1
17,0,43,40.63426588,-8.66014384,5,13,0,0,0,1
17,0,43,40.63426588,-8.66014384,5,13,0,0,0,1
17,0,44,40.63426588,-8.66014384,5,13,0,0,0,1
17,0,44,40.63426588,-8.66014384,5,13,0,0,0,1
17,0,44,40.63426588,-8.66014384,5,13,0,0,0,1
17,0,45,40.63426588,-8.66014384,5,13,0,0,0,1
17,0,45,40.63426588,-8.66014384,5,13,0,0,0,1
17,0,45,40.63426588,-8.66014384,5,13,0,0,0,1
17,0,46,40.63426588,-8.66014384,5,13,0,0,0,1
17,0,46,40.63426588,-8.66014384,5,13,0,0,0,1
17,0,46,40.63426588,-8.66014384,5,13,0,0,0,1
17,0,47,40.63426588,-8.66014384,5,13,0,0,0,1
17,0,47,40.63426588,-8.66014384,5,13,0,0,0,1
17,0,47,40.63426588,-8.66014384,5,13,0,0,0,1
17,0,48,40.63426588,-8.66014384,5,13,0,0,0,1
17,0,48,40.63426588,-8.66014384,5,13,0,0,0,1
17,0,48,40.63426588,-8.66014384,5,13,0,0,0,1
17,0,49,40.63426588,-8.66014384,5,13,0,0,0,1
17,0,49,40.63426588,-8.66014384,5,13,0,0,0,1
17,0,49,40.63426588,-8.66014384,5,13,0,0,0,1
17,0,50,40.63426588,-8.66014384,5,13,0,0,0,1
17,0,50,40.63426588,-8.66014384,5,13,0,0,0,1
17,0,50,40.63426588,-8.66014384,5,14,0,0,0,1
17,0,51,40.63426588,-8.66014384,5,14,0,0,0,1
17,0,51,40.63426588,-8.66014384,5,14,0,0,0,1
17,0,51,40.63426588,-8.66014384,5,14,0,0,0,1
17,0,52,40.63426588,-8.66014384,5,14,0,0,0,1
17,0,52,40.63426588,-8.66014384,5,14,0,0,0,1
17,0,52,40.63426588,-8.66014384,5,10,0,0,0,1
17,0,53,40.63426588,-8.66014384,5,10,0,0,0,1
17,0,53,40.63426588,-8.66014384,5,10,0,0,0,1
17,0,53,40.63426588,-8.66014384,5,10,0,0,0,1
17,0,54,40.63426588,-8.66014384,5,10,0,0,0,1
17,0,54,40.63426588,-8.66014384,5,10,0,0,0,1
17,0,54,40.63426588,-8.66014384,5,10,0,0,0,1
17,0,55,40.63426588,-8.66014384,5,10,0,0,0,1
17,0,55,40.63426588,-8.66014384,5,10,0,0,0,1
17,0,55,40.63426588,-8.66014384,5,10,0,0,0,1
17,0,56,40.63426588,-8.66014384,5,10,0,0,0,1
17,0,56,40.63426588,-8.66014384,5,10,0,0,0,1
17,0,56,40.63426588,-8.66014384,5,10,0,0,0,1
17,0,57,40.63426588,-8.66014384,5,10,0,0,0,1
17,0,57,40.63426588,-8.66014384,5,10,0,0,0,1
17,0,57,40.63426588,-8.66014384,5,10,0,0,0,1
17,0,58,40.63426588,-8.66014384,5,10,0,0,0,1
17,0,58,40.63426588,-8.66014384,5,10,0,0,0,1
17,0,58,40.63426588,-8.66014384,5,10,0,0,0,1
17,0,59,40.63426588,-8.66014384,5,10,0,0,0,1
17,0,59,40.63426588,-8.66014384,5,10,0,0,0,1
17,0,59,40.63426588,-8.66014384,5,10,0,0,0,1
17,1,0,40.63426588,-8.66014384,5,10,0,0,0,1
17,1,0,40.63426588,-8.66014384,5,10,0,0,0,1
17,1,0,40.63426588,-8.66014384,5,10,0,0,0,1
17,1,1,40.63426588,-8.66014384,5,10,0,0,0,1
17,1,1,40.63426588,-8.66014384,5,10,0,0,0,1
17,1,1,40.63426588,-8.66014384,5,10,0,0,0,1
17,1,2,40.63426588,-8.66014384,5,10,0,0,0,1
17,1,2,40.63426588,-8.66014384,5,12,0,0,0,1
17,1,2,40.63426588,-8.66014384,5,12,0,0,0,1
17,1,3,40.63426588,-8.66014384,5,12,0,0,0,1
17,1,3,40.63426588,-8.66014384,5,12,0,0,0,1
17,1,3,40.63426588,-8.66014384,5,12,0,0,0,1
17,1,4,40.63426588,-8.66014384,5,12,0,0,0,1
17,1,4,40.63426588,-8.66014384,5,12,0,0,0,1
17,1,4,40.63426588,-8.66014384,5,12,0,0,0,1
17,1,5,40.63426588,-8.66014384,5,12,0,0,0,1
17,1,5,40.63426588,-8.66014384,5,12,0,0,0,1
17,1,5,40.63426588,-8.66014384,5,12,0,0,0,1
17,1,6,40.63426588,-8.66014384,5,12,0,0,0,1
17,1,6,40.63426588,-8.66014384,5,12,0,0,0,1
17,1,6,40.63426588,-8.66014384,5,12,0,0,0,1
17,1,7,40.63426588,-8.66014384,5,12,0,0,0,1
17,1,7,40.63426588,-8.66014384,5,13,0,0,0,1
17,1,7,40.63426588,-8.66014384,5,13,0,0,0,1
17,1,8,40.63426588,-8.66014384,5,13,0,0,0,1
17,1,8,40.63426588,-8.66014288,5,13,0,0,0,1
17,1,8,40.63426588,-8.66014288,5,13,0,0,0,1
17,1,9,40.63426588,-8.66014288,5,13,0,0,0,1
17,1,9,40.63426588,-8.66014288,5,13,0,0,0,1
17,1,9,40.63426588,-8.66014288,5,13,0,0,0,1
17,1,10,40.63426588,-8.66014288,5,13,0,0,0,1
17,1,10,40.63426588,-8.66014288,5,13,0,0,0,1
17,1,10,40.63426588,-8.66014288,5,13,0,0,0,1
17,1,11,40.63426588,-8.66014288,5,13,0,0,0,1
17,1,11,40.63426588,-8.66014288,5,13,0,0,0,1
17,1,11,40.63426588,-8.66014288,5,13,0,0,0,1
17,1,12,40.63426588,-8.66014288,5,13,0,0,0,1
17,1,12,40.63426588,-8.66014288,5,13,0,0,0,1
17,1,12,40.63426588,-8.66014288,5,13,0,0,0,1
17,1,13,40.63426588,-8.66014288,5,13,0,0,0,1
17,1,13,40.63426588,-8.66014288,5,13,0,0,0,1
17,1,13,40.63426588,-8.66014288,5,13,0,0,0,1
17,1,14,40.63426588,-8.66014288,5,13,0,0,0,1
17,1,14,40.63426588,-8.66014288,5,13,0,0,0,1
17,1,14,40.63426588,-8.66014288,5,13,0,0,0,1
17,1,15,40.63426588,-8.66014288,5,13,0,0,0,1
17,1,15,40.63426588,-8.66014288,5,13,0,0,0,1
17,1,15,40.63426588,-8.66014288,5,13,0,0,0,1
17,1,16,40.63426588,-8.66014288,5,13,0,0,0,1
17,1,16,40.63426588,-8.66014288,5,13,0,0,0,1
17,1,16,40.63426588,-8.66014288,5,13,0,0,0,1
17,1,17,40.63426588,-8.66014288,5,13,0,0,0,1
17,1,17,40.63426588,-8.66014288,5,13,0,0,0,1
17,1,17,40.63426588,-8.66014288,5,13,0,0,0,1
17,1,18,40.63426588,-8.66014288,5,13,0,0,0,1
17,1,18,40.63426588,-8.66014288,5,13,0,0,0,1
17,1,18,40.63426588,-8.66014288,5,13,0,0,0,1
17,1,19,40.63426588,-8.66014288,5,13,0,0,0,1
17,1,19,40.63426588,-8.66014288,5,13,0,0,0,1
17,1,19,40.63426588,-8.66014288,5,13,0,0,0,1
17,1,20,40.63426588,-8.66014288,5,13,0,0,0,1
17,1,20,40.63426588,-8.66014288,5,13,0,0,0,1
17,1,20,40.63426588,-8.66014288,5,13,0,0,0,1
17,1,21,40.63426588,-8.66014288,5,13,0,0,0,1
17,1,21,40.63426588,-8.66014288,5,13,0,0,0,1
17,1,21,40.63426588,-8.66014288,5,11,0,0,0,1
17,1,22,40.63426588,-8.66014288,5,11,0,0,0,1
17,1,22,40.63426588,-8.66014288,5,11,0,0,0,1
17,1,22,40.63426588,-8.66014288,5,11,0,0,0,1
17,1,23,40.63426588,-8.66014288,5,11,0,0,0,1
17,1,23,40.63426588,-8.66014288,5,11,0,0,0,1
17,1,23,40.63426588,-8.66014288,5,10,0,0,0,1
17,1,24,40.63426588,-8.66014288,5,10,0,0,0,1
17,1,24,40.63426588,-8.66014288,5,10,0,0,0,1
17,1,24,40.63426588,-8.66014288,5,10,0,0,0,1
17,1,25,40.63426588,-8.66014288,5,10,0,0,0,1
17,1,25,40.63426588,-8.66014288,5,10,0,0,0,1
17,1,25,40.63426588,-8.66014288,5,10,0,0,0,1
17,1,26,40.63426588,-8.66014288,5,11,0,0,0,1
17,1,26,40.63426588,-8.66014288,5,11,0,0,0,1
17,1,26,40.63426588,-8.66014288,5,11,0,0,0,1
17,1,27,40.63426588,-8.66014288,5,11,0,0,0,1
17,1,27,40.63426588,-8.66014288,5,11,0,0,0,1
17,1,27,40.63426588,-8.66014288,5,11,0,0,0,1
17,1,28,40.63426588,-8.66014288,5,11,0,0,0,1
17,1,28,40.63426588,-8.66014288,5,11,0,0,0,1
17,1,28,40.63426588,-8.66014288,5,11,0,0,0,1
17,1,29,40.63426588,-8.66014288,5,11,0,0,0,1
17,1,29,40.63426588,-8.66014288,5,11,0,0,0,1
17,1,29,40.63426588,-8.66014288,5,11,0,0,0,1
17,1,30,40.63426588,-8.66014288,5,11,0,0,0,1
17,1,30,40.63426588,-8.66014288,5,11,0,0,0,1
17,1,30,40.63426588,-8.66014288,5,11,0,0,0,1
17,1,31,40.63426588,-8.66014288,5,11,0,1,0,1
17,1,31,40.63426588,-8.66014288,5,11,0,0,0,1
17,1,31,40.63426588,-8.66014288,5,11,0,0,0,1
17,1,32,40.63426588,-8.66014288,5,11,0,0,0,1
17,1,32,40.63426588,-8.66014288,5,11,0,0,0,1
17,1,32,40.63426588,-8.66014288,5,11,0,0,0,1
17,1,33,40.63426588,-8.66014288,5,11,0,0,0,1
17,1,33,40.63426588,-8.66014288,5,11,0,0,0,1
17,1,33,40.63426588,-8.66014288,5,11,0,0,0,1
17,1,34,40.63426588,-8.66014288,5,11,0,0,0,1
17,1,34,40.63426588,-8.66014288,5,11,0,0,0,1
17,1,34,40.63426588,-8.66014288,5,11,0,0,0,1
17,1,35,40.63426588,-8.66014288,5,11,0,0,0,1
17,1,35,40.63426588,-8.66014288,5,10,0,0,0,1
17,1,35,40.63426588,-8.66014288,5,10,0,0,0,1
17,1,36,40.63426588,-8.66014288,5,10,0,0,0,1
17,1,36,40.63426588,-8.66014288,5,10,0,0,0,1
17,1,36,40.63426588,-8.66014288,5,10,0,0,0,1
17,1,37,40.63426588,-8.66014288,5,10,0,0,0,1
17,1,37,40.63426588,-8.66014288,5,10,0,0,0,1
17,1,37,40.63426588,-8.66014384,5,10,0,0,0,1
17,1,38,40.63426588,-8.66014384,5,10,0,0,0,1
17,1,38,40.63426588,-8.66014384,5,10,0,0,0,1
17,1,38,40.63426588,-8.66014384,5,10,0,0,0,1
17,1,39,40.63426588,-8.66014384,5,10,0,0,0,1
17,1,39,40.63426588,-8.66014384,5,10,0,0,0,1
17,1,39,40.63426588,-8.66014384,5,10,0,0,0,1
17,1,40,40.63426588,-8.66014384,5,10,0,0,0,1
17,1,40,40.63426588,-8.66014384,5,10,0,0,0,1
17,1,40,40.63426588,-8.66014384,5,10,0,0,0,1
17,1,41,40.63426588,-8.66014384,5,10,0,0,0,1
17,1,41,40.63426588,-8.66014384,5,10,0,0,0,1
17,1,41,40.63426588,-8.66014384,5,10,0,0,0,1
17,1,42,40.63426588,-8.66014384,5,10,0,0,0,1
17,1,42,40.63426588,-8.66014384,5,10,0,0,0,1
17,1,42,40.63426588,-8.66014384,5,10,0,0,0,1
17,1,43,40.63426588,-8.66014384,5,10,0,0,0,1
17,1,43,40.63426588,-8.66014384,5,10,0,0,0,1
17,1,43,40.63426588,-8.66014384,5,10,0,0,0,1
17,1,44,40.63426588,-8.66014384,5,10,0,0,0,1
17,1,44,40.63426588,-8.66014384,5,10,0,0,0,1
17,1,44,40.63426588,-8.66014384,5,10,0,0,0,1
17,1,45,40.63426588,-8.66014384,5,10,0,0,0,1
17,1,45,40.63426588,-8.66014384,5,10,0,0,0,1
17,1,45,40.63426588,-8.66014384,5,10,0,0,0,1
17,1,46,40.63426588,-8.66014384,5,10,0,1,0,1
17,1,46,40.63426588,-8.66014384,5,10,0,0,0,1
17,1,46,40.63426588,-8.66014384,5,10,0,0,0,1
17,1,47,40.63426588,-8.66014384,5,10,0,0,0,1
17,1,47,40.63426588,-8.66014384,5,10,0,0,0,1
17,1,47,40.63426588,-8.66014384,5,10,0,0,0,1
17,1,48,40.63426588,-8.66014384,5,10,0,0,0,1
17,1,48,40.63426588,-8.66014384,5,10,0,0,0,1
17,1,48,40.63426588,-8.66014384,5,10,0,0,0,1
17,1,49,40.63426588,-8.66014384,5,10,0,0,0,1
17,1,49,40.63426588,-8.66014384,5,10,0,0,0,1
17,1,49,40.63426588,-8.66014384,5,10,0,0,0,1
17,1,50,40.63426588,-8.66014384,5,10,0,0,0,1
17,1,50,40.63426588,-8.66014384,5,10,0,0,0,1
17,1,50,40.63426588,-8.66014384,5,10,0,0,0,1
17,1,51,40.63426588,-8.66014384,5,10,0,0,0,1
17,1,51,40.63426588,-8.66014384,5,10,0,0,0,1
17,1,51,40.63426588,-8.66014384,5,10,0,0,0,1
17,1,52,40.63426588,-8.66014384,5,10,0,0,0,1
17,1,52,40.63426588,-8.66014384,5,10,0,0,0,1
17,1,52,40.63426588,-8.66014384,5,10,0,0,0,1
17,1,53,40.63426588,-8.66014384,5,10,0,0,0,1
17,1,53,40.63426588,-8.66014384,5,10,0,0,0,1
17,1,53,40.63426588,-8.66014384,5,10,0,0,0,1
17,1,54,40.63426588,-8.66014384,5,10,0,0,0,1
17,1,54,40.63426588,-8.66014384,5,10,0,0,0,1
17,1,54,40.63426588,-8.66014384,5,10,0,0,0,1
17,1,55,40.63426588,-8.66014384,5,10,0,0,0,1
17,1,55,40.63426588,-8.66014384,5,10,0,1,0,1
17,1,55,40.63426588,-8.66014384,5,10,0,0,0,1
17,1,56,40.63426588,-8.66014384,5,10,0,0,0,1
17,1,56,40.63426588,-8.66014384,5,10,0,0,0,1
17,1,56,40.63426588,-8.66014384,5,10,0,0,0,1
17,1,57,40.63426588,-8.66014384,5,10,0,0,0,1
17,1,57,40.63426588,-8.66014384,5,10,0,0,0,1
17,1,57,40.63426588,-8.66014384,5,10,0,0,0,1
17,1,58,40.63426588,-8.66014384,5,10,0,0,0,1
17,1,58,40.63426588,-8.66014384,5,10,0,0,0,1
17,1,58,40.63426588,-8.66014384,5,10,0,0,0,1
17,1,59,40.63426588,-8.66014384,5,10,0,0,0,1
17,1,59,40.63426588,-8.66014384,5,10,0,0,0,1
17,1,59,40.63426588,-8.66014384,5,10,0,0,0,1
17,2,0,40.63426588,-8.66014384,5,10,0,0,0,1
17,2,0,40.63426588,-8.66014384,5,10,0,0,0,1
17,2,0,40.63426588,-8.66014384,5,10,0,0,0,1
17,2,1,40.63426588,-8.66014384,5,10,0,0,0,1
17,2,1,40.63426588,-8.66014384,5,10,0,0,0,1
17,2,1,40.63426588,-8.66014384,5,10,0,0,0,1
17,2,2,40.63426588,-8.66014384,5,10,0,0,0,1
17,2,2,40.63426588,-8.66014384,5,10,0,0,0,1
17,2,2,40.63426588,-8.66014384,5,10,0,0,0,1
17,2,3,40.63426588,-8.66014384,5,10,0,1,0,1
17,2,3,40.63426588,-8.66014384,5,10,0,0,0,1
17,2,3,40.63426588,-8.66014384,5,10,0,0,0,1
17,2,4,40.63426588,-8.66014384,5,10,0,0,0,1
17,2,4,40.63426588,-8.66014384,5,10,0,0,0,1
17,2,4,40.63426588,-8.66014384,5,10,0,0,0,1
17,2,5,40.63426588,-8.66014384,5,10,0,0,0,1
17,2,5,40.63426588,-8.66014384,5,10,0,0,0,1
17,2,5,40.63426588,-8.66014384,5,10,0,0,0,1
17,2,6,40.63426588,-8.66014384,5,10,0,0,0,1
17,2,6,40.63426588,-8.66014384,5,10,0,0,0,1
17,2,6,40.63426588,-8.66014384,5,10,0,0,0,1
17,2,7,40.63426588,-8.66014384,5,10,0,0,0,1
17,2,7,40.63426588,-8.66014384,5,10,0,0,0,1
17,2,7,40.63426588,-8.66014384,5,10,0,0,0,1
17,2,8,40.63426588,-8.66014384,5,10,0,0,0,1
17,2,8,40.63426588,-8.66014384,5,10,0,0,0,1
17,2,8,40.63426588,-8.66014384,5,10,0,0,0,1
17,2,9,40.63426588,-8.66014384,5,10,0,0,0,1
17,2,9,40.63426588,-8.66014384,5,10,0,0,0,1
17,2,9,40.63426588,-8.66014384,5,10,0,0,0,1
17,2,10,40.63426588,-8.66014384,5,10,0,0,0,1
17,2,10,40.63426588,-8.66014384,5,10,0,0,0,1
17,2,10,40.63426588,-8.66014384,5,10,0,0,0,1
17,2,11,40.63426588,-8.66014384,5,10,0,0,0,1
17,2,11,40.63426588,-8.66014384,5,10,0,0,0,1
17,2,11,40.63426588,-8.66014384,5,10,0,0,0,1
17,2,12,40.63426588,-8.66014384,5,10,0,0,0,1
17,2,12,40.63426588,-8.66014384,5,10,0,0,0,1
17,2,12,40.63426588,-8.66014384,5,10,0,0,0,1
17,2,13,40.63426588,-8.66014384,5,10,0,0,0,1
17,2,13,40.63426588,-8.66014384,5,10,0,0,0,1
17,2,13,40.63426588,-8.66014384,5,10,0,0,0,1
17,2,14,40.63426588,-8.66014384,5,10,0,0,0,1
17,2,14,40.63426588,-8.66014384,5,10,0,0,0,1
17,2,14,40.63426588,-8.66014384,5,10,0,0,0,1
17,2,15,40.63426588,-8.66014384,5,10,0,0,0,1
17,2,15,40.63426588,-8.66014384,5,10,0,0,0,1
17,2,15,40.63426588,-8.66014384,5,10,0,0,0,1
17,2,16,40.63426588,-8.66014384,5,10,0,0,0,1
17,2,16,40.63426588,-8.66014384,5,10,0,0,0,1
17,2,16,40.63426588,-8.66014384,5,10,0,0,0,1
17,2,17,40.63426588,-8.66014384,5,10,0,0,0,1
17,2,17,40.63426588,-8.66014384,5,10,0,0,0,1
17,2,17,40.63426588,-8.66014384,5,10,0,0,0,1
17,2,18,40.63426588,-8.66014384,5,10,0,1,0,1
17,2,18,40.63426588,-8.66014384,5,10,0,0,0,1
17,2,18,40.63426588,-8.66014384,5,10,0,0,0,1
17,2,19,40.63426588,-8.66014384,5,10,0,0,0,1
17,2,19,40.63426588,-8.66014384,5,10,0,0,0,1
17,2,19,40.63426588,-8.66014384,5,10,0,0,0,1
17,2,20,40.63426588,-8.66014384,5,10,0,0,0,1
17,2,20,40.63426588,-8.66014384,5,10,0,0,0,1
17,2,20,40.63426588,-8.66014384,5,10,0,0,0,1
17,2,21,40.63426588,-8.66014384,5,10,0,0,0,1
17,2,21,40.63426588,-8.66014384,5,10,0,0,0,1
17,2,21,40.63426588,-8.66014384,5,10,0,0,0,1
17,2,22,40.63426588,-8.66014384,5,10,0,0,0,1
17,2,22,40.63426588,-8.66014384,5,10,0,0,0,1
17,2,22,40.63426588,-8.66014384,5,10,0,0,0,1
17,2,23,40.63426588,-8.66014384,5,10,0,0,0,1
17,2,23,40.63426588,-8.66014384,5,10,0,0,0,1
17,2,23,40.63426588,-8.66014384,5,10,0,0,0,1
17,2,24,40.63426588,-8.66014384,5,10,0,0,0,1
17,2,24,40.63426588,-8.66014384,5,10,0,0,0,1
17,2,24,40.63426588,-8.66014384,5,10,0,0,0,1
17,2,25,40.63426588,-8.66014384,5,10,0,0,0,1
17,2,25,40.63426588,-8.66014384,5,10,0,0,0,1
17,2,25,40.63426588,-8.66014384,5,10,0,0,0,1
17,2,26,40.63426588,-8.66014384,5,10,0,0,0,1
17,2,26,40.63426588,-8.66014384,5,10,0,0,0,1
17,2,26,40.63426588,-8.66014384,5,10,0,0,0,1
17,2,27,40.63426588,-8.66014384,5,10,0,0,0,1
17,2,27,40.63426588,-8.66014384,5,10,0,0,0,1
17,2,27,40.63426588,-8.66014384,5,10,0,0,0,1
17,2,28,40.63426588,-8.66014384,5,10,0,0,0,1
17,2,28,40.63426588,-8.66014384,5,10,0,0,0,1
17,2,28,40.63426588,-8.66014384,5,10,0,0,0,1
17,2,28,40.63426588,-8.66014384,5,10,0,0,0,1
17,2,29,40.63426588,-8.66014384,5,10,0,0,0,1
17,2,29,40.63426588,-8.66014384,5,10,0,0,0,1
17,2,30,40.63426588,-8.66014384,5,10,0,0,0,1
17,2,30,40.63426588,-8.66014384,5,10,0,0,0,1
17,2,30,40.63426588,-8.66014384,5,10,0,0,0,1
17,2,31,40.63426588,-8.66014384,5,10,0,0,0,1
17,2,31,40.63426588,-8.66014384,5,10,0,1,0,1
17,2,31,40.63426588,-8.66014384,5,10,0,0,0,1
17,2,32,40.63426588,-8.66014384,5,10,0,0,0,1
17,2,32,40.63426588,-8.66014384,5,10,0,0,0,1
17,2,32,40.63426588,-8.66014384,5,10,0,0,0,1
17,2,33,40.63426588,-8.66014384,5,10,0,0,0,1
17,2,33,40.63426588,-8.66014384,5,10,0,0,0,1
17,2,33,40.63426588,-8.66014384,5,10,0,0,0,1
17,2,34,40.63426588,-8.66014384,5,10,0,0,0,1
17,2,34,40.63426588,-8.66014384,5,10,0,0,0,1
17,2,34,40.63426588,-8.66014384,5,10,0,0,0,1
17,2,35,40.63426588,-8.66014384,5,10,0,0,0,1
17,2,35,40.63426588,-8.66014384,5,10,0,0,0,1
17,2,35,40.63426588,-8.66014384,5,10,0,0,0,1
17,2,36,40.63426588,-8.66014384,5,10,0,0,0,1
17,2,36,40.63426588,-8.66014384,5,10,0,0,0,1
17,2,36,40.63426588,-8.66014384,5,10,0,0,0,1
17,2,37,40.63426588,-8.66014384,5,10,0,0,0,1
17,2,37,40.63426588,-8.66014384,5,10,0,0,0,1
17,2,37,40.63426588,-8.66014384,5,10,0,0,0,1
17,2,38,40.63426588,-8.66014384,5,10,0,0,0,1
17,2,38,40.63426588,-8.66014384,5,10,0,0,0,1
17,2,38,40.63426588,-8.66014384,5,10,0,0,0,1
17,2,39,40.63426588,-8.66014384,5,10,0,0,0,1
17,2,39,40.63426588,-8.66014384,5,10,0,0,0,1
17,2,39,40.63426588,-8.66014384,5,10,0,0,0,1
17,2,40,40.63426588,-8.66014384,5,10,0,0,0,1
17,2,40,40.63426588,-8.66014384,5,10,0,0,0,1
17,2,40,40.63426588,-8.66014384,5,10,0,0,0,1
17,2,41,40.63426588,-8.66014384,5,10,0,0,0,1
17,2,41,40.63426588,-8.66014384,5,10,0,0,0,1
17,2,41,40.63426588,-8.66014384,5,10,0,0,0,1
17,2,42,40.63426588,-8.66014384,5,10,0,0,0,1
17,2,42,40.63426588,-8.66014384,5,10,0,0,0,1
17,2,42,40.63426588,-8.66014384,5,10,0,0,0,1
17,2,43,40.63426588,-8.66014384,5,10,0,0,0,1
17,2,43,40.63426588,-8.66014384,5,10,0,0,0,1
17,2,43,40.63426588,-8.66014384,5,10,0,0,0,1
17,2,44,40.63426588,-8.66014384,5,10,0,0,0,1
17,2,44,40.63426588,-8.66014384,5,10,0,0,0,1
17,2,44,40.63426588,-8.66014384,5,10,0,0,0,1
17,2,45,40.63426588,-8.66014384,5,10,0,0,0,1
17,2,45,40.63426588,-8.66014384,5,10,0,0,0,1
17,2,45,40.63426588,-8.66014384,5,10,0,0,0,1
17,2,46,40.63426588,-8.66014384,5,10,0,0,0,1
17,2,46,40.63426588,-8.66014384,5,10,0,0,0,1
17,2,46,40.63426588,-8.66014384,5,10,0,0,0,1
17,2,47,40.63426588,-8.66014384,5,10,0,0,0,1
17,2,47,40.63426588,-8.66014384,5,10,0,0,0,1
17,2,47,40.63426588,-8.66014384,5,10,0,0,0,1
17,2,48,40.63426588,-8.66014384,5,10,0,0,0,1
17,2,48,40.63426588,-8.66014384,5,10,0,0,0,1
17,2,48,40.63426588,-8.66014384,5,10,0,0,0,1
17,2,49,40.63426588,-8.66014384,5,10,0,0,0,1
17,2,49,40.63426588,-8.66014384,5,10,0,0,0,1
17,2,49,40.63426588,-8.66014384,5,10,0,0,0,1
17,2,50,40.63426588,-8.66014384,5,10,0,0,0,1
17,2,50,40.63426588,-8.66014384,5,10,0,0,0,1
17,2,50,40.63426588,-8.66014384,5,10,0,0,0,1
17,2,51,40.63426588,-8.66014384,5,10,0,0,0,1
17,2,51,40.63426588,-8.66014384,5,10,0,0,0,1
17,2,51,40.63426588,-8.66014384,5,10,0,0,0,1
17,2,52,40.63426588,-8.66014384,5,10,0,0,0,1
17,2,52,40.63426588,-8.66014384,5,10,0,0,0,1
17,2,52,40.63426588,-8.66014384,5,10,0,0,0,1
17,2,53,40.63426588,-8.66014384,5,10,0,0,0,1
17,2,53,40.63426588,-8.66014384,5,10,0,0,0,1
17,2,53,40.63426588,-8.66014384,5,10,0,0,0,1
17,2,54,40.63426588,-8.66014384,5,10,0,0,0,1
17,2,54,40.63426588,-8.66014384,5,10,0,0,0,1
17,2,54,40.63426588,-8.66014384,5,10,0,0,0,1
17,2,55,40.63426588,-8.66014384,5,10,0,0,0,1
17,2,55,40.63426588,-8.66014384,5,10,0,0,0,1
17,2,55,40.63426588,-8.66014384,5,10,0,0,0,1
17,2,56,40.63426588,-8.66014384,5,10,0,0,0,1
17,2,56,40.63426588,-8.66014384,5,10,0,0,0,1
17,2,56,40.63426588,-8.66014384,5,10,0,0,0,1
17,2,57,40.63426588,-8.66014384,5,10,0,0,0,1
17,2,57,40.63426588,-8.66014384,5,10,0,0,0,1
17,2,57,40.63426588,-8.66014384,5,10,0,0,0,1
17,2,58,40.63426588,-8.66014384,5,10,0,0,0,1
17,2,58,40.63426588,-8.66014384,5,10,0,0,0,1
17,2,58,40.63426588,-8.66014384,5,10,0,0,0,1
17,2,59,40.63426588,-8.66014384,5,10,0,0,0,1
17,2,59,40.63426588,-8.66014384,5,10,0,0,0,1
17,2,59,40.63426588,-8.66014384,5,10,0,0,0,1
17,3,0,40.63426588,-8.66014384,5,10,0,0,0,1
17,3,0,40.63426588,-8.66014480,5,10,0,0,0,1
