16,52,48,40.63410568,-8.66015244,5,19,0,0,0,1
16,52,48,40.63410568,-8.66015244,5,16,0,0,0,1
16,52,48,40.63410568,-8.66015148,5,16,0,0,0,1
16,52,49,40.63410568,-8.66015148,5,16,0,0,0,1
16,52,49,40.63411332,-8.66015148,5,16,0,0,0,1
16,52,49,40.63411332,-8.66015148,5,16,0,0,0,1
16,52,50,40.63411332,-8.66015148,5,16,0,0,0,1
16,52,50,40.63411332,-8.66015148,5,16,0,0,0,1
16,52,51,40.63411332,-8.66015148,5,16,0,0,0,1
16,52,51,40.63411332,-8.66015244,5,16,0,0,0,1
16,52,51,40.63411332,-8.66015244,5,17,0,0,0,1
16,52,52,40.63411332,-8.66015244,5,15,0,0,0,1
16,52,52,40.63411332,-8.66015340,5,15,0,0,0,1
16,52,52,40.63411332,-8.66015340,5,15,0,0,0,1
16,52,53,40.63411332,-8.66015340,5,15,0,0,0,1
16,52,53,40.63411332,-8.66015436,5,15,0,0,0,1
16,52,53,40.63411332,-8.66015436,5,15,0,0,0,1
16,52,54,40.63411332,-8.66015436,5,15,0,0,0,1
16,52,54,40.63411332,-8.66015436,5,15,0,0,0,1
16,52,54,40.63411332,-8.66015436,5,11,0,0,0,1
16,52,55,40.63411332,-8.66015436,5,11,0,0,0,1
16,52,55,40.63411332,-8.66015624,5,10,0,0,0,1
16,52,55,40.63411332,-8.66015624,5,10,0,0,0,1
16,52,56,40.63411332,-8.66015624,5,10,0,0,0,1
16,52,56,40.63411332,-8.66015624,5,10,0,0,0,1
16,52,56,40.63411332,-8.66015624,5,10,0,0,0,1
16,52,57,40.63411332,-8.66015624,5,10,0,0,0,1
16,52,57,40.63411332,-8.66015624,5,10,0,0,0,1
16,52,57,40.63411332,-8.66015436,5,10,0,0,0,1
16,52,58,40.63411332,-8.66015436,5,10,0,0,0,1
16,52,58,40.63411332,-8.66015436,5,13,0,0,0,1
16,52,58,40.63410568,-8.66015436,5,14,0,0,0,1
16,52,59,40.63410568,-8.66015436,5,15,0,0,0,1
16,52,59,40.63410568,-8.66015340,5,15,0,0,0,1
16,52,59,40.63410568,-8.66015244,5,15,0,0,0,1
16,53,0,40.63410568,-8.66015244,5,15,0,0,0,1
16,53,0,40.63410568,-8.66015148,5,15,0,0,0,1
16,53,0,40.63410568,-8.66015148,5,15,0,0,0,1
16,53,1,40.63410568,-8.66015148,5,15,0,0,0,1
16,53,1,40.63410568,-8.66014956,5,24,0,0,0,1
16,53,1,40.63410568,-8.66014768,5,24,0,0,0,1
16,53,2,40.63410568,-8.66014768,5,24,0,0,0,1
16,53,2,40.63410568,-8.66014768,5,27,0,0,0,1
16,53,2,40.63410568,-8.66014768,5,27,0,0,0,1
16,53,3,40.63410568,-8.66014768,5,27,0,0,0,1
16,53,3,40.63410568,-8.66015340,5,27,0,0,0,1
16,53,3,40.63410568,-8.66015340,5,29,0,0,0,1
16,53,4,40.63410568,-8.66015340,5,29,0,0,0,1
16,53,4,40.63410568,-8.66015340,5,29,0,0,0,1
16,53,4,40.63410568,-8.66015340,5,29,0,0,0,1
16,53,5,40.63410568,-8.66015340,5,29,0,0,0,1
16,53,5,40.63410568,-8.66015340,5,29,0,0,0,1
16,53,5,40.63410568,-8.66015340,5,29,0,0,0,1
16,53,6,40.63410568,-8.66015340,5,29,0,0,0,1
16,53,6,40.63410568,-8.66015340,5,29,0,0,0,1
16,53,6,40.63410568,-8.66015340,5,29,0,0,0,1
16,53,7,40.63410568,-8.66015340,5,29,0,0,0,1
16,53,7,40.63410568,-8.66015340,5,29,0,0,0,1
16,53,7,40.63410568,-8.66015340,5,29,0,0,0,1
16,53,8,40.63410568,-8.66015340,5,29,0,0,0,1
16,53,8,40.63410568,-8.66015340,5,29,0,0,0,1
16,53,8,40.63410568,-8.66015340,5,29,0,0,0,1
16,53,9,40.63410568,-8.66015340,5,29,0,0,0,1
16,53,9,40.63410568,-8.66015340,5,29,0,0,0,1
16,53,9,40.63410568,-8.66015340,5,29,0,0,0,1
16,53,10,40.63410568,-8.66015340,5,29,0,0,0,1
16,53,10,40.63410568,-8.66015340,5,29,0,0,0,1
16,53,10,40.63410568,-8.66015340,5,29,0,0,0,1
16,53,11,40.63410568,-8.66015340,5,29,0,0,0,1
16,53,11,40.63410568,-8.66015340,5,29,0,0,0,1
16,53,11,40.63410568,-8.66015340,5,29,0,0,0,1
16,53,12,40.63410568,-8.66015340,5,29,0,0,0,1
16,53,12,40.63410568,-8.66015340,5,29,0,0,0,1
16,53,12,40.63410568,-8.66015340,5,29,0,0,0,1
16,53,13,40.63410568,-8.66015340,4,29,0,0,0,1
16,53,13,40.63410568,-8.66015340,4,29,0,0,0,1
16,53,13,40.63410568,-8.66015340,4,35,0,0,0,1
16,53,14,40.63410568,-8.66015340,4,36,0,0,0,1
16,53,14,40.63410568,-8.66015340,4,36,0,0,0,1
16,53,14,40.63410568,-8.66015340,4,36,0,0,0,1
16,53,15,40.63410568,-8.66015340,4,35,0,0,0,1
16,53,15,40.63410568,-8.66015340,4,35,0,0,0,1
16,53,15,40.63410568,-8.66015340,4,35,0,0,0,1
16,53,16,40.63410568,-8.66015340,4,35,0,0,0,1
16,53,16,40.63410568,-8.66015340,4,33,0,0,0,1
16,53,16,40.63410568,-8.66015340,4,33,0,0,0,1
16,53,17,40.63410568,-8.66015340,4,33,0,0,0,1
16,53,17,40.63410568,-8.66015340,4,34,0,0,0,1
16,53,17,40.63410568,-8.66015340,4,34,0,0,0,1
16,53,18,40.63410568,-8.66015340,4,34,0,0,0,1
16,53,18,40.63410568,-8.66015340,4,34,0,0,0,1
16,53,18,40.63410568,-8.66015340,4,34,0,0,0,1
16,53,18,40.63410568,-8.66015340,4,34,0,0,0,1
16,53,19,40.63410568,-8.66015340,4,34,0,0,0,1
16,53,19,40.63410568,-8.66015340,4,36,0,0,0,1
16,53,20,40.63410568,-8.66015340,4,36,0,0,0,1
16,53,20,40.63410568,-8.66015340,4,36,0,0,0,1
16,53,20,40.63410568,-8.66015340,4,36,0,0,0,1
16,53,21,40.63410568,-8.66015340,4,36,0,0,0,1
16,53,21,40.63410568,-8.66015340,4,36,0,0,0,1
16,53,21,40.63410568,-8.66015340,4,36,0,0,0,1
16,53,22,40.63410568,-8.66015340,4,36,0,0,0,1
16,53,22,40.63410568,-8.66015340,4,36,0,0,0,1
16,53,22,40.63410568,-8.66015340,4,36,0,0,0,1
16,53,23,40.63410568,-8.66015340,4,35,0,0,0,1
16,53,23,40.63410568,-8.66015340,4,35,0,0,0,1
16,53,23,40.63410568,-8.66015340,4,100,0,0,0,1
16,53,24,40.63410568,-8.66015340,4,100,0,0,0,1
16,53,24,40.63410568,-8.66015340,4,100,0,0,0,1
16,53,24,40.63410568,-8.66015340,4,100,0,0,0,1
16,53,25,40.63410568,-8.66015340,4,100,0,0,0,1
16,53,25,40.63410568,-8.66015340,4,100,0,0,0,1
16,53,25,40.63410568,-8.66015340,4,100,0,0,0,1
16,53,26,40.63410568,-8.66015340,4,100,0,0,0,1
16,53,26,40.63410568,-8.66015340,4,100,0,0,0,1
16,53,26,40.63410568,-8.66015340,4,100,0,0,0,1
16,53,27,40.63410568,-8.66015340,4,100,0,0,0,1
16,53,27,40.63410568,-8.66015340,4,100,0,0,0,1
16,53,27,40.63410568,-8.66015340,4,100,0,0,0,1
16,53,28,40.63410568,-8.66015340,4,100,0,0,0,1
16,53,28,40.63410568,-8.66015340,4,100,0,0,0,1
16,53,28,40.63410568,-8.66015340,4,100,0,0,0,1
16,53,29,40.63410568,-8.66015340,4,100,0,0,0,1
16,53,29,40.63410568,-8.66015340,4,100,0,0,0,1
16,53,29,40.63410568,-8.66015340,4,100,0,0,0,1
16,53,30,40.63410568,-8.66015340,4,100,0,0,0,1
16,53,30,40.63410568,-8.66015340,4,100,0,0,0,1
16,53,30,40.63410568,-8.66015340,4,100,0,0,0,1
16,53,31,40.63410568,-8.66015340,4,100,0,0,0,1
16,53,31,40.63410568,-8.66015340,4,100,0,0,0,1
16,53,31,40.63410568,-8.66015340,4,100,0,0,0,1
16,53,31,40.63410568,-8.66015340,4,100,0,0,0,1
16,53,32,40.63410568,-8.66015340,4,100,0,0,0,1
16,53,32,40.63410568,-8.66015340,4,100,0,0,0,1
16,53,33,40.63410568,-8.66015340,4,100,0,0,0,1
16,53,33,40.63410568,-8.66015340,4,100,0,0,0,1
16,53,33,40.63410568,-8.66015340,4,100,0,0,0,1
16,53,33,40.63410568,-8.66015340,5,100,0,0,0,1
16,53,34,40.63410568,-8.66015340,5,11,0,0,0,1
16,53,34,40.63410568,-8.66015340,5,11,0,0,0,1
16,53,34,40.63410568,-8.66015340,5,11,0,0,0,1
16,53,35,40.63410568,-8.66015340,5,10,0,0,0,1
16,53,35,40.63410568,-8.66015340,5,10,0,0,0,1
16,53,35,40.63410568,-8.66015340,5,10,0,0,0,1
16,53,36,40.63410568,-8.66015340,5,10,0,0,0,1
16,53,36,40.63410568,-8.66015340,5,10,0,0,0,1
16,53,36,40.63410568,-8.66015340,5,10,0,0,0,1
16,53,37,40.63410568,-8.66015340,5,10,0,0,0,1
16,53,37,40.63410568,-8.66015340,5,10,0,0,0,1
16,53,37,40.63410568,-8.66015340,5,10,0,0,0,1
16,53,38,40.63410568,-8.66015340,5,10,0,0,0,1
16,53,38,40.63410568,-8.66015340,5,10,0,0,0,1
16,53,38,40.63410568,-8.66015340,5,10,0,0,0,1
16,53,39,40.63410568,-8.66015340,5,10,0,0,0,1
16,53,39,40.63410568,-8.66015340,5,10,0,0,0,1
16,53,39,40.63410568,-8.66015340,5,10,0,0,0,1
16,53,40,40.63410568,-8.66015340,5,10,0,0,0,1
16,53,40,40.63410568,-8.66015340,5,10,0,0,0,1
16,53,40,40.63410568,-8.66015340,5,10,0,0,0,1
16,53,41,40.63410568,-8.66015340,5,10,0,0,0,1
16,53,41,40.63410568,-8.66015340,5,10,0,0,0,1
16,53,41,40.63410568,-8.66015340,5,10,0,0,0,1
16,53,42,40.63410568,-8.66015340,5,13,0,0,0,1
16,53,42,40.63410568,-8.66015340,5,13,0,0,0,1
16,53,42,40.63410568,-8.66015340,5,13,0,0,0,1
16,53,43,40.63410568,-8.66015340,5,13,0,0,0,1
16,53,43,40.63410568,-8.66015340,5,14,0,0,0,1
16,53,43,40.63410568,-8.66015340,5,14,0,0,0,1
16,53,44,40.63410568,-8.66015340,5,14,0,0,0,1
16,53,44,40.63410568,-8.66015340,5,14,0,0,0,1
16,53,44,40.63410568,-8.66015340,5,14,0,0,0,1
16,53,45,40.63410568,-8.66015340,5,14,0,0,0,1
16,53,45,40.63410568,-8.66015340,5,14,0,0,0,1
16,53,45,40.63410568,-8.66015340,5,14,0,0,0,1
16,53,46,40.63410568,-8.66015340,5,14,0,0,0,1
16,53,46,40.63410568,-8.66015340,5,14,0,0,0,1
16,53,46,40.63410568,-8.66015340,5,14,0,0,0,1
16,53,47,40.63410568,-8.66015340,5,14,0,0,0,1
16,53,47,40.63410568,-8.66015340,5,14,0,0,0,1
16,53,47,40.63410568,-8.66015340,4,14,0,0,0,1
16,53,48,40.63410568,-8.66015340,4,100,0,0,0,1
16,53,48,40.63410568,-8.66015340,4,100,0,0,0,1
16,53,48,40.63410568,-8.66015340,4,100,0,0,0,1
16,53,49,40.63410568,-8.66015340,4,100,0,0,0,1
16,53,49,40.63410568,-8.66015340,4,100,0,0,0,1
16,53,49,40.63410568,-8.66015340,4,100,0,0,0,1
16,53,50,40.63410568,-8.66015340,4,100,0,0,0,1
16,53,50,40.63410568,-8.66015340,4,100,0,0,0,1
16,53,50,40.63410568,-8.66015340,4,100,0,0,0,1
16,53,51,40.63410568,-8.66015340,4,100,0,0,0,1
16,53,51,40.63410568,-8.66015340,4,100,0,0,0,1
16,53,51,40.63410568,-8.66015340,4,100,0,0,0,1
16,53,52,40.63410568,-8.66015340,5,100,0,0,0,1
16,53,52,40.63410568,-8.66015340,5,10,0,0,0,1
16,53,52,40.63410568,-8.66015340,5,10,0,0,0,1
16,53,53,40.63410568,-8.66015340,5,10,0,0,0,1
16,53,53,40.63410568,-8.66015340,5,10,0,0,0,1
16,53,53,40.63410568,-8.66015340,5,10,0,0,0,1
16,53,54,40.63410568,-8.66015340,5,10,0,0,0,1
16,53,54,40.63410568,-8.66015340,5,10,0,0,0,1
16,53,54,40.63410568,-8.66015340,5,10,0,0,0,1
16,53,55,40.63410568,-8.66015340,5,10,0,0,0,1
16,53,55,40.63410568,-8.66015340,5,10,0,0,0,1
16,53,55,40.63410568,-8.66015340,5,10,0,0,0,1
16,53,56,40.63410568,-8.66015340,5,10,0,0,0,1
16,53,56,40.63410568,-8.66015340,5,10,0,0,0,1
16,53,56,40.63410568,-8.66015340,5,10,0,0,0,1
16,53,57,40.63410568,-8.66015340,5,10,0,0,0,1
16,53,57,40.63410568,-8.66015340,5,10,0,0,0,1
16,53,57,40.63410568,-8.66015340,5,10,0,0,0,1
16,53,58,40.63410568,-8.66015340,5,10,0,0,0,1
16,53,58,40.63410568,-8.66015340,5,12,0,0,0,1
16,53,58,40.63410568,-8.66015340,5,12,0,0,0,1
16,53,59,40.63410568,-8.66015340,5,12,0,0,0,1
16,53,59,40.63410568,-8.66015340,5,12,0,0,0,1
16,53,59,40.63410568,-8.66015340,5,12,0,0,0,1
16,54,0,40.63410568,-8.66015340,5,12,0,0,0,1
16,54,0,40.63410568,-8.66015340,5,12,0,0,0,1
16,54,0,40.63410568,-8.66015340,5,12,0,0,0,1
16,54,1,40.63410568,-8.66015340,5,12,0,0,0,1
16,54,1,40.63410568,-8.66015340,5,12,0,0,0,1
16,54,1,40.63410568,-8.66015340,5,12,0,0,0,1
16,54,2,40.63410568,-8.66015340,5,12,0,0,0,1
16,54,2,40.63410568,-8.66015340,5,12,0,0,0,1
16,54,2,40.63410568,-8.66015340,5,12,0,0,0,1
16,54,3,40.63410568,-8.66015340,5,12,0,0,0,1
16,54,3,40.63410568,-8.66015340,5,12,0,0,0,1
16,54,3,40.63410568,-8.66015340,5,12,0,0,0,1
16,54,4,40.63410568,-8.66015340,5,12,0,0,0,1
16,54,4,40.63410568,-8.66015340,5,12,0,0,0,1
16,54,4,40.63410568,-8.66015340,5,12,0,0,0,1
16,54,5,40.63410568,-8.66015340,5,12,0,0,0,1
16,54,5,40.63410568,-8.66015340,5,12,0,0,0,1
16,54,5,40.63410568,-8.66015340,5,12,0,0,0,1
16,54,6,40.63410568,-8.66015340,5,12,0,0,0,1
16,54,6,40.63410568,-8.66015340,5,12,0,0,0,1
16,54,6,40.63410568,-8.66015340,5,12,0,0,0,1
16,54,7,40.63410568,-8.66015340,5,12,0,0,0,1
16,54,7,40.63410568,-8.66015340,5,12,0,0,0,1
16,54,7,40.63410568,-8.66015340,5,18,0,0,0,1
16,54,8,40.63410568,-8.66015340,5,18,0,0,0,1
16,54,8,40.63410568,-8.66015340,5,18,0,0,0,1
16,54,8,40.63410568,-8.66015340,5,18,0,0,0,1
16,54,9,40.63410568,-8.66015340,5,18,0,0,0,1
16,54,9,40.63410568,-8.66015340,5,18,0,0,0,1
16,54,9,40.63410568,-8.66015340,5,18,0,0,0,1
16,54,10,40.63410568,-8.66015340,5,18,0,0,0,1
16,54,10,40.63410568,-8.66015340,5,18,0,0,0,1
16,54,10,40.63410568,-8.66015340,5,18,0,0,0,1
16,54,11,40.63410568,-8.66015340,5,18,0,0,0,1
16,54,11,40.63410568,-8.66015340,5,18,0,0,0,1
16,54,11,40.63410568,-8.66015340,5,18,0,0,0,1
16,54,12,40.63410568,-8.66015340,5,18,0,0,0,1
16,54,12,40.63410568,-8.66015340,5,18,0,0,0,1
16,54,12,40.63410568,-8.66015340,5,18,0,0,0,1
16,54,13,40.63410568,-8.66015340,5,18,0,0,0,1
16,54,13,40.63410568,-8.66015340,5,19,0,0,0,1
16,54,13,40.63410568,-8.66015340,5,19,0,0,0,1
16,54,14,40.63410568,-8.66015340,5,19,0,0,0,1
16,54,14,40.63410568,-8.66015340,5,18,0,0,0,1
16,54,14,40.63410568,-8.66015340,5,18,0,0,0,1
16,54,15,40.63410568,-8.66015340,5,18,0,0,0,1
16,54,15,40.63410568,-8.66015340,5,18,0,0,0,1
16,54,15,40.63410568,-8.66015340,5,18,0,0,0,1
16,54,16,40.63410568,-8.66015340,5,18,0,0,0,1
16,54,16,40.63410568,-8.66015340,5,18,0,0,0,1
16,54,16,40.63410568,-8.66015340,5,18,0,0,0,1
16,54,17,40.63410568,-8.66015340,5,18,0,0,0,1
16,54,17,40.63410568,-8.66015340,5,18,0,0,0,1
16,54,17,40.63410568,-8.66015340,5,18,0,0,0,1
16,54,18,40.63410568,-8.66015340,5,18,0,0,0,1
16,54,18,40.63410568,-8.66015340,5,15,0,0,0,1
16,54,18,40.63410568,-8.66015340,5,15,0,0,0,1
16,54,19,40.63410568,-8.66015340,5,15,0,0,0,1
16,54,19,40.63410568,-8.66015340,5,15,0,0,0,1
16,54,19,40.63410568,-8.66015340,5,15,0,0,0,1
16,54,20,40.63410568,-8.66015340,5,15,0,0,0,1
16,54,20,40.63410568,-8.66015340,5,15,0,0,0,1
16,54,20,40.63410568,-8.66015340,5,15,0,0,0,1
16,54,21,40.63410568,-8.66015340,5,14,0,0,0,1
16,54,21,40.63410568,-8.66015340,5,14,0,0,0,1
16,54,21,40.63410568,-8.66015340,5,14,0,0,0,1
16,54,22,40.63410568,-8.66015340,5,14,0,0,0,1
16,54,22,40.63410568,-8.66015340,5,14,0,0,0,1
16,54,22,40.63410568,-8.66015340,5,14,0,0,0,1
16,54,23,40.63410568,-8.66015340,5,14,0,0,0,1
16,54,23,40.63410568,-8.66015340,5,14,0,0,0,1
16,54,23,40.63410568,-8.66015340,5,14,0,0,0,1
16,54,24,40.63410568,-8.66015340,5,14,0,0,0,1
16,54,24,40.63410568,-8.66015340,5,14,0,0,0,1
16,54,24,40.63410568,-8.66015340,5,14,0,0,0,1
16,54,25,40.63410568,-8.66015340,5,21,0,0,0,1
16,54,25,40.63410568,-8.66015340,5,21,0,0,0,1
16,54,25,40.63410568,-8.66015340,5,21,0,0,0,1
16,54,26,40.63410568,-8.66015340,5,21,0,0,0,1
16,54,26,40.63410568,-8.66015340,5,21,0,0,0,1
16,54,26,40.63410568,-8.66015340,5,21,0,0,0,1
16,54,27,40.63410568,-8.66015340,5,21,0,0,0,1
16,54,27,40.63410568,-8.66015340,5,21,0,0,0,1
16,54,27,40.63410568,-8.66015340,5,21,0,0,0,1
16,54,28,40.63410568,-8.66015340,5,21,0,0,0,1
16,54,28,40.63410568,-8.66015340,5,21,0,0,0,1
16,54,28,40.63410568,-8.66015340,5,21,0,0,0,1
16,54,29,40.63410568,-8.66015340,5,21,0,0,0,1
16,54,29,40.63410568,-8.66015340,5,22,0,0,0,1
16,54,29,40.63410568,-8.66015340,5,22,0,0,0,1
16,54,30,40.63410568,-8.66015340,5,22,0,0,0,1
16,54,30,40.63410568,-8.66015340,5,22,0,0,0,1
16,54,30,40.63410568,-8.66015340,5,22,0,0,0,1
16,54,31,40.63410568,-8.66015340,5,22,0,0,0,1
16,54,31,40.63410568,-8.66015340,5,22,0,0,0,1
16,54,31,40.63410568,-8.66015340,5,22,0,0,0,1
16,54,32,40.63410568,-8.66015340,5,22,0,0,0,1
16,54,32,40.63410568,-8.66015340,5,22,0,0,0,1
16,54,32,40.63410568,-8.66015340,5,22,0,0,0,1
16,54,33,40.63410568,-8.66015340,5,22,0,0,0,1
16,54,33,40.63410568,-8.66015340,5,22,0,0,0,1
16,54,33,40.63410568,-8.66015340,5,22,0,0,0,1
16,54,34,40.63410568,-8.66015340,5,22,0,0,0,1
16,54,34,40.63410568,-8.66015340,5,22,0,0,0,1
16,54,34,40.63410568,-8.66015340,5,22,0,0,0,1
16,54,35,40.63410568,-8.66015340,5,22,0,0,0,1
16,54,35,40.63410568,-8.66015340,5,13,0,0,0,1
16,54,35,40.63410568,-8.66015340,5,13,0,0,0,1
16,54,36,40.63410568,-8.66015340,5,13,0,0,0,1
16,54,36,40.63410568,-8.66015340,5,14,0,0,0,1
16,54,36,40.63410568,-8.66015340,5,14,0,0,0,1
16,54,37,40.63410568,-8.66015340,5,14,0,0,0,1
16,54,37,40.63410568,-8.66015340,5,14,0,0,0,1
16,54,37,40.63410568,-8.66015340,5,14,0,0,0,1
16,54,38,40.63410568,-8.66015340,5,14,0,0,0,1
16,54,38,40.63410568,-8.66015340,5,14,0,0,0,1
16,54,38,40.63410568,-8.66015340,5,14,0,0,0,1
16,54,39,40.63410568,-8.66015340,5,14,0,0,0,1
16,54,39,40.63410568,-8.66015340,5,14,0,0,0,1
16,54,39,40.63410568,-8.66015340,5,14,0,0,0,1
16,54,40,40.63410568,-8.66015340,5,14,0,0,0,1
16,54,40,40.63410568,-8.66015340,5,14,0,0,0,1
16,54,40,40.63410568,-8.66015340,5,14,0,0,0,1
16,54,41,40.63410568,-8.66015340,5,14,0,0,0,1
16,54,41,40.63410568,-8.66015340,5,15,0,0,0,1
16,54,41,40.63410568,-8.66015340,5,15,0,0,0,1
16,54,42,40.63410568,-8.66015340,5,15,0,0,0,1
16,54,42,40.63410568,-8.66015340,5,15,0,0,0,1
16,54,42,40.63410568,-8.66015340,5,15,0,0,0,1
16,54,43,40.63410568,-8.66015340,5,15,0,0,0,1
16,54,43,40.63410568,-8.66015340,5,15,0,0,0,1
16,54,43,40.63410568,-8.66015340,5,15,0,0,0,1
16,54,44,40.63410568,-8.66015340,5,15,0,0,0,1
16,54,44,40.63410568,-8.66015340,5,15,0,0,0,1
16,54,44,40.63410568,-8.66015340,5,15,0,0,0,1
16,54,45,40.63410568,-8.66015340,5,15,0,0,0,1
16,54,45,40.63410568,-8.66015340,5,15,0,0,0,1
16,54,45,40.63410568,-8.66015340,5,15,0,0,0,1
16,54,46,40.63410568,-8.66015340,5,15,0,0,0,1
16,54,46,40.63410568,-8.66015340,5,15,0,0,0,1
16,54,46,40.63410568,-8.66015340,5,15,0,0,0,1
16,54,47,40.63410568,-8.66015340,5,15,0,0,0,1
16,54,47,40.63410568,-8.66015340,5,15,0,0,0,1
16,54,47,40.63410568,-8.66015340,5,15,0,0,0,1
16,54,48,40.63410568,-8.66015340,5,13,0,0,0,1
16,54,48,40.63410568,-8.66015340,5,13,0,0,0,1
16,54,48,40.63410568,-8.66015340,5,13,0,0,0,1
16,54,49,40.63410568,-8.66015340,5,13,0,0,0,1
16,54,49,40.63410568,-8.66015340,5,13,0,0,0,1
16,54,49,40.63410568,-8.66015340,5,13,0,0,0,1
16,54,50,40.63410568,-8.66015340,5,13,0,0,0,1
16,54,50,40.63410568,-8.66015340,5,13,0,0,0,1
16,54,50,40.63410568,-8.66015340,5,13,0,0,0,1
16,54,51,40.63410568,-8.66015340,5,13,0,0,0,1
16,54,51,40.63410568,-8.66015340,5,13,0,0,0,1
16,54,51,40.63410568,-8.66015340,5,13,0,0,0,1
16,54,52,40.63410568,-8.66015340,5,11,0,0,0,1
16,54,52,40.63410568,-8.66015340,5,11,0,0,0,1
16,54,52,40.63410568,-8.66015340,5,11,0,0,0,1
16,54,53,40.63410568,-8.66015340,5,11,0,0,0,1
16,54,53,40.63410568,-8.66015340,5,11,0,0,0,1
16,54,53,40.63410568,-8.66015340,5,11,0,0,0,1
16,54,54,40.63410568,-8.66015340,5,11,0,0,0,1
16,54,54,40.63410568,-8.66015340,5,11,0,0,0,1
16,54,54,40.63410568,-8.66015340,5,11,0,0,0,1
16,54,55,40.63410568,-8.66015340,5,11,0,0,0,1
16,54,55,40.63410568,-8.66015340,5,11,0,0,0,1
16,54,55,40.63410568,-8.66015340,5,11,0,0,0,1
16,54,56,40.63410568,-8.66015340,5,11,0,0,0,1
16,54,56,40.63410568,-8.66015340,5,12,0,0,0,1
16,54,56,40.63410568,-8.66015340,5,12,0,0,0,1
16,54,57,40.63410568,-8.66015340,5,12,0,0,0,1
16,54,57,40.63410568,-8.66015340,5,12,0,0,0,1
16,54,57,40.63410568,-8.66015340,5,12,0,0,0,1
16,54,58,40.63410568,-8.66015340,5,12,0,0,0,1
16,54,58,40.63410568,-8.66015340,5,12,0,0,0,1
16,54,58,40.63410568,-8.66015340,5,12,0,0,0,1
16,54,59,40.63410568,-8.66015340,5,12,0,0,0,1
16,54,59,40.63410568,-8.66015340,5,12,0,0,0,1
16,54,59,40.63410568,-8.66015340,5,12,0,0,0,1
16,55,0,40.63410568,-8.66015340,5,12,0,0,0,1
16,55,0,40.63410568,-8.66015340,5,12,0,0,0,1
16,55,0,40.63410568,-8.66015340,5,12,0,0,0,1
16,55,1,40.63410568,-8.66015340,5,12,0,0,0,1
16,55,1,40.63410568,-8.66015340,5,12,0,0,0,1
16,55,1,40.63410568,-8.66015340,5,12,0,0,0,1
16,55,2,40.63410568,-8.66015340,5,12,0,0,0,1
16,55,2,40.63410568,-8.66015340,5,12,0,0,0,1
16,55,2,40.63410568,-8.66015340,5,12,0,0,0,1
16,55,3,40.63410568,-8.66015340,5,13,0,0,0,1
16,55,3,40.63410568,-8.66015340,5,11,0,0,0,1
16,55,3,40.63410568,-8.66015340,5,11,0,0,0,1
16,55,4,40.63410568,-8.66015340,5,13,0,0,0,1
16,55,4,40.63410568,-8.66015340,5,12,0,0,0,1
16,55,4,40.63410568,-8.66015340,5,12,0,0,0,1
16,55,5,40.63410568,-8.66015340,5,12,0,0,0,1
16,55,5,40.63410568,-8.66015340,5,12,0,0,0,1
16,55,5,40.63410568,-8.66015340,5,12,0,0,0,1
16,55,6,40.63410568,-8.66015340,5,12,0,0,0,1
16,55,6,40.63410568,-8.66015340,5,12,0,0,0,1
16,55,6,40.63410568,-8.66015340,5,12,0,0,0,1
16,55,7,40.63410568,-8.66015340,5,12,0,0,0,1
16,55,7,40.63410568,-8.66015340,5,12,0,0,0,1
16,55,7,40.63410568,-8.66015340,5,12,0,0,0,1
16,55,8,40.63410568,-8.66015340,5,12,0,0,0,1
16,55,8,40.63410568,-8.66015340,5,13,0,0,0,1
16,55,8,40.63410568,-8.66015340,5,13,0,0,0,1
16,55,9,40.63410568,-8.66015340,5,13,0,0,0,1
16,55,9,40.63410568,-8.66015340,5,13,0,0,0,1
16,55,9,40.63410568,-8.66015340,5,13,0,0,0,1
16,55,10,40.63410568,-8.66015340,5,13,0,0,0,1
16,55,10,40.63410568,-8.66015340,5,13,0,0,0,1
16,55,10,40.63410568,-8.66015340,5,13,0,0,0,1
16,55,11,40.63410568,-8.66015340,5,13,0,0,0,1
16,55,11,40.63410568,-8.66015340,5,12,0,0,0,1
16,55,11,40.63410568,-8.66015340,5,12,0,0,0,1
16,55,12,40.63410568,-8.66015340,5,12,0,0,0,1
16,55,12,40.63410568,-8.66015340,5,12,0,0,0,1
16,55,12,40.63410568,-8.66015340,5,12,0,0,0,1
16,55,13,40.63410568,-8.66015340,5,12,0,0,0,1
16,55,13,40.63410568,-8.66015340,5,12,0,0,0,1
16,55,13,40.63410568,-8.66015340,5,12,0,0,0,1
16,55,14,40.63410568,-8.66015340,5,12,0,0,0,1
16,55,14,40.63410568,-8.66015340,5,12,0,0,0,1
16,55,14,40.63410568,-8.66015340,5,12,0,0,0,1
16,55,15,40.63410568,-8.66015340,5,12,0,0,0,1
16,55,15,40.63410568,-8.66015340,5,11,0,0,0,1
16,55,15,40.63410568,-8.66015340,5,11,0,0,0,1
16,55,16,40.63410568,-8.66015340,5,11,0,0,0,1
16,55,16,40.63410568,-8.66015340,5,11,0,0,0,1
16,55,16,40.63410568,-8.66015340,5,11,0,0,0,1
16,55,17,40.63410568,-8.66015340,5,11,0,0,0,1
16,55,17,40.63410568,-8.66015340,5,11,0,0,0,1
16,55,17,40.63410568,-8.66015340,5,11,0,0,0,1
16,55,18,40.63410568,-8.66015340,5,11,0,0,0,1
16,55,18,40.63410568,-8.66015340,5,11,0,0,0,1
16,55,18,40.63410568,-8.66015340,5,11,0,0,0,1
16,55,19,40.63410568,-8.66015340,5,11,0,0,0,1
16,55,19,40.63410568,-8.66015340,5,11,0,0,0,1
16,55,19,40.63410568,-8.66015340,5,11,0,0,0,1
16,55,20,40.63410568,-8.66015340,5,11,0,0,0,1
16,55,20,40.63410568,-8.66015340,5,12,0,0,0,1
16,55,20,40.63410568,-8.66015340,5,12,0,0,0,1
16,55,21,40.63410568,-8.66015340,5,12,0,0,0,1
16,55,21,40.63410568,-8.66015340,5,11,0,0,0,1
16,55,21,40.63410568,-8.66015340,5,11,0,0,0,1
16,55,22,40.63410568,-8.66015340,5,11,0,0,0,1
16,55,22,40.63410568,-8.66015340,5,11,0,0,0,1
16,55,22,40.63410568,-8.66015340,5,11,0,0,0,1
16,55,23,40.63410568,-8.66015340,5,11,0,0,0,1
16,55,23,40.63410568,-8.66015340,5,11,0,0,0,1
16,55,23,40.63410568,-8.66015340,5,11,0,0,0,1
16,55,24,40.63410568,-8.66015340,5,11,0,0,0,1
16,55,24,40.63410568,-8.66015340,5,10,0,0,0,1
16,55,24,40.63410568,-8.66015340,5,10,0,0,0,1
16,55,25,40.63410568,-8.66015340,5,10,0,0,0,1
16,55,25,40.63410568,-8.66015340,5,10,0,0,0,1
16,55,25,40.63410568,-8.66015340,5,10,0,0,0,1
16,55,26,40.63410568,-8.66015340,5,10,0,0,0,1
16,55,26,40.63410568,-8.66015340,5,10,0,0,0,1
16,55,26,40.63410568,-8.66015340,5,10,0,0,0,1
16,55,27,40.63410568,-8.66015340,5,10,0,0,0,1
16,55,27,40.63410568,-8.66015340,5,10,0,0,0,1
16,55,27,40.63410568,-8.66015340,5,10,0,0,0,1
16,55,28,40.63410568,-8.66015340,5,10,0,0,0,1
16,55,28,40.63410568,-8.66015340,5,10,0,0,0,1
16,55,28,40.63410568,-8.66015340,5,21,0,0,0,1
16,55,29,40.63410568,-8.66015340,5,21,0,0,0,1
16,55,29,40.63410568,-8.66015340,5,21,0,0,0,1
16,55,29,40.63410568,-8.66015340,5,21,0,0,0,1
16,55,30,40.63410568,-8.66015340,5,21,0,0,0,1
16,55,30,40.63410568,-8.66015340,5,21,0,0,0,1
16,55,30,40.63410568,-8.66015340,5,21,0,0,0,1
16,55,31,40.63410568,-8.66015340,5,21,0,0,0,1
16,55,31,40.63410568,-8.66015340,5,21,0,0,0,1
16,55,31,40.63410568,-8.66015340,5,21,0,0,0,1
16,55,32,40.63410568,-8.66015340,5,21,0,0,0,1
16,55,32,40.63410568,-8.66015340,5,21,0,0,0,1
16,55,32,40.63410568,-8.66015340,5,21,0,0,0,1
16,55,33,40.63410568,-8.66015340,5,21,0,0,0,1
16,55,33,40.63410568,-8.66015340,5,21,0,0,0,1
16,55,33,40.63410568,-8.66015340,5,22,0,0,0,1
16,55,34,40.63410568,-8.66015340,5,22,0,0,0,1
16,55,34,40.63410568,-8.66015340,5,20,0,0,0,1
16,55,34,40.63410568,-8.66015340,5,20,0,0,0,1
16,55,35,40.63410568,-8.66015340,5,20,0,0,0,1
16,55,35,40.63410568,-8.66015340,5,20,0,0,0,1
16,55,35,40.63410568,-8.66015340,5,20,0,0,0,1
16,55,36,40.63410568,-8.66015340,5,20,0,0,0,1
16,55,36,40.63410568,-8.66015340,5,20,0,0,0,1
16,55,36,40.63410568,-8.66015340,5,20,0,0,0,1
16,55,37,40.63410568,-8.66015340,5,20,0,0,0,1
16,55,37,40.63410568,-8.66015340,5,20,0,0,0,1
16,55,37,40.63410568,-8.66015340,5,20,0,0,0,1
16,55,38,40.63410568,-8.66015340,5,20,0,0,0,1
16,55,38,40.63410568,-8.66015340,5,20,0,0,0,1
16,55,38,40.63410568,-8.66015340,5,20,0,0,0,1
16,55,39,40.63410568,-8.66015340,5,20,0,0,0,1
16,55,39,40.63410568,-8.66015340,5,20,0,0,0,1
16,55,39,40.63410568,-8.66015340,5,20,0,0,0,1
16,55,40,40.63410568,-8.66015340,5,20,0,0,0,1
16,55,40,40.63410568,-8.66015340,5,20,0,0,0,1
16,55,40,40.63410568,-8.66015340,5,20,0,0,0,1
16,55,41,40.63410568,-8.66015340,5,20,0,0,0,1
16,55,41,40.63410568,-8.66015340,5,21,0,0,0,1
16,55,41,40.63410568,-8.66015340,5,21,0,0,0,1
16,55,42,40.63410568,-8.66015340,5,21,0,0,0,1
16,55,42,40.63410568,-8.66015340,5,21,0,0,0,1
16,55,42,40.63410568,-8.66015340,4,26,0,0,0,1
16,55,43,40.63410568,-8.66015340,4,50,0,0,0,1
16,55,43,40.63410568,-8.66015340,4,50,0,0,0,1
16,55,43,40.63410568,-8.66015340,4,50,0,0,0,1
16,55,44,40.63410568,-8.66015340,4,50,0,0,0,1
16,55,44,40.63410568,-8.66015340,4,50,0,0,0,1
16,55,44,40.63410568,-8.66015340,4,50,0,0,0,1
16,55,45,40.63410568,-8.66015340,4,50,0,0,0,1
16,55,45,40.63410568,-8.66015340,5,13,0,0,0,1
16,55,45,40.63410568,-8.66015340,5,13,0,0,0,1
16,55,46,40.63410568,-8.66015340,5,13,0,0,0,1
16,55,46,40.63410568,-8.66015340,5,13,0,0,0,1
16,55,46,40.63410568,-8.66015340,5,13,0,0,0,1
16,55,47,40.63410568,-8.66015340,5,13,0,0,0,1
16,55,47,40.63410568,-8.66015340,5,13,0,0,0,1
16,55,47,40.63410568,-8.66015340,5,13,0,0,0,1
16,55,48,40.63410568,-8.66015340,5,13,0,0,0,1
16,55,48,40.63410568,-8.66015340,5,13,0,0,0,1
16,55,48,40.63410568,-8.66015340,5,14,0,0,0,1
16,55,49,40.63410568,-8.66015340,5,14,0,0,0,1
16,55,49,40.63410568,-8.66015340,5,14,0,0,0,1
16,55,49,40.63410568,-8.66015340,5,14,0,0,0,1
16,55,50,40.63410568,-8.66015340,5,14,0,0,0,1
16,55,50,40.63410568,-8.66015340,5,14,0,0,0,1
16,55,51,40.63410568,-8.66015340,5,14,0,0,0,1
16,55,51,40.63410568,-8.66015340,5,14,0,0,0,1
16,55,51,40.63410568,-8.66015340,5,14,0,0,0,1
16,55,52,40.63410568,-8.66015340,5,14,0,0,0,1
16,55,52,40.63410568,-8.66015340,5,14,0,0,0,1
16,55,52,40.63410568,-8.66015340,5,15,0,0,0,1
16,55,53,40.63410568,-8.66015340,5,15,0,0,0,1
16,55,53,40.63410568,-8.66015340,5,15,0,0,0,1
16,55,53,40.63410568,-8.66015340,5,17,0,0,0,1
16,55,54,40.63410568,-8.66015340,5,17,0,0,0,1
16,55,54,40.63410568,-8.66015340,5,17,0,0,0,1
16,55,54,40.63410568,-8.66015340,5,15,0,0,0,1
16,55,55,40.63410568,-8.66015340,5,15,0,0,0,1
16,55,55,40.63410568,-8.66015340,5,15,0,0,0,1
16,55,0,40.63410568,-8.66015340,5,15,0,0,0,1
16,55,56,40.63410568,-8.66015340,5,15,0,0,0,1
16,55,56,40.63410568,-8.66015340,5,15,0,0,0,1
16,55,56,40.63410568,-8.66015340,5,15,0,0,0,1
16,55,57,40.63410568,-8.66015340,5,15,0,0,0,1
16,55,57,40.63410568,-8.66015340,5,15,0,0,0,1
16,55,57,40.63410568,-8.66015340,5,10,0,0,0,1
16,55,58,40.63410568,-8.66015340,5,10,0,0,0,1
16,55,58,40.63410568,-8.66015340,5,10,0,0,0,1
16,55,58,40.63410568,-8.66015340,5,10,0,0,0,1
16,55,59,40.63410568,-8.66015340,5,10,0,0,0,1
16,55,59,40.63410568,-8.66015340,5,10,0,0,0,1
16,55,59,40.63410568,-8.66015340,5,10,0,0,0,1
16,56,0,40.63410568,-8.66015340,5,10,0,0,0,1
16,56,0,40.63410568,-8.66015340,5,10,0,0,0,1
16,56,0,40.63410568,-8.66015340,5,10,0,0,0,1
16,56,1,40.63410568,-8.66015340,5,10,0,0,0,1
16,56,1,40.63410568,-8.66015340,5,10,0,0,0,1
16,56,1,40.63410568,-8.66015340,5,10,0,0,0,1
16,56,2,40.63410568,-8.66015340,5,10,0,0,0,1
16,56,2,40.63410568,-8.66015340,5,10,0,0,0,1
16,56,2,40.63410568,-8.66015340,5,10,0,0,0,1
16,56,3,40.63410568,-8.66015340,5,10,0,0,0,1
16,56,3,40.63410568,-8.66015340,5,10,0,0,0,1
16,56,3,40.63410568,-8.66015340,5,10,0,0,0,1
16,56,4,40.63410568,-8.66015340,5,10,0,0,0,1
16,56,4,40.63410568,-8.66015340,5,10,0,0,0,1
16,56,4,40.63410568,-8.66015340,5,10,0,0,0,1
16,56,5,40.63410568,-8.66015340,5,10,0,0,0,1
16,56,5,40.63410568,-8.66015340,5,10,0,0,0,1
16,56,5,40.63410568,-8.66015340,5,10,0,0,0,1
16,56,6,40.63410568,-8.66015340,5,10,0,0,0,1
16,56,6,40.63410568,-8.66015340,5,10,0,0,0,1
16,56,6,40.63410568,-8.66015340,5,10,0,0,0,1
16,56,7,40.63410568,-8.66015340,5,10,0,0,0,1
16,56,7,40.63410568,-8.66015340,5,10,0,0,0,1
16,56,7,40.63410568,-8.66015340,5,10,0,0,0,1
16,56,8,40.63410568,-8.66015340,5,10,0,0,0,1
16,56,8,40.63410568,-8.66015340,5,10,0,0,0,1
16,56,8,40.63410568,-8.66015340,5,10,0,0,0,1
16,56,9,40.63410568,-8.66015340,5,10,0,0,0,1
16,56,9,40.63410568,-8.66015340,5,10,0,0,0,1
16,56,9,40.63410568,-8.66015340,5,10,0,0,0,1
16,56,10,40.63410568,-8.66015340,5,10,0,0,0,1
16,56,10,40.63410568,-8.66015340,5,11,0,0,0,1
16,56,10,40.63410568,-8.66015340,5,11,0,0,0,1
16,56,11,40.63410568,-8.66015340,5,11,0,0,0,1
16,56,11,40.63410568,-8.66015340,5,11,0,0,0,1
16,56,11,40.63410568,-8.66015340,5,11,0,0,0,1
16,56,12,40.63410568,-8.66015340,5,11,0,0,0,1
16,56,12,40.63410568,-8.66015340,5,11,0,0,0,1
16,56,12,40.63410568,-8.66015340,5,11,0,0,0,1
16,56,13,40.63410568,-8.66015340,5,11,0,0,0,1
16,56,13,40.63410568,-8.66015340,5,11,0,0,0,1
16,56,13,40.63410568,-8.66015340,5,11,0,0,0,1
16,56,14,40.63410568,-8.66015340,5,11,0,0,0,1
16,56,14,40.63410568,-8.66015340,5,11,0,0,0,1
16,56,15,40.63410568,-8.66015340,5,11,0,0,0,1
16,56,15,40.63410568,-8.66015340,5,11,0,0,0,1
16,56,15,40.63410568,-8.66015340,5,11,0,0,0,1
16,56,16,40.63410568,-8.66015340,5,11,0,0,0,1
16,56,16,40.63410568,-8.66015340,5,11,0,0,0,1
16,56,16,40.63410568,-8.66015340,5,11,0,0,0,1
16,56,17,40.63410568,-8.66015340,5,11,0,0,0,1
16,56,17,40.63410568,-8.66015340,5,21,0,0,0,1
16,56,17,40.63410568,-8.66015340,5,21,0,0,0,1
16,56,18,40.63410568,-8.66015340,5,21,0,0,0,1
16,56,18,40.63410568,-8.66015340,5,22,0,0,0,1
16,56,18,40.63410568,-8.66015340,5,22,0,0,0,1
16,56,19,40.63410568,-8.66015340,5,22,0,0,0,1
16,56,19,40.63410568,-8.66015340,5,17,0,0,0,1
16,56,19,40.63410568,-8.66015340,5,17,0,0,0,1
16,56,20,40.63410568,-8.66015340,5,17,0,0,0,1
16,56,20,40.63410568,-8.66015340,5,17,0,0,0,1
16,56,20,40.63410568,-8.66015340,5,17,0,0,0,1
16,56,21,40.63410568,-8.66015340,5,17,0,0,0,1
16,56,21,40.63410568,-8.66015340,5,17,0,0,0,1
16,56,21,40.63410568,-8.66015340,5,17,0,0,0,1
16,56,22,40.63410568,-8.66015340,5,17,0,0,0,1
16,56,22,40.63410568,-8.66015340,5,17,0,0,0,1
16,56,22,40.63410568,-8.66015340,5,17,0,0,0,1
16,56,23,40.63410568,-8.66015340,5,17,0,0,0,1
16,56,23,40.63410568,-8.66015340,5,18,0,0,0,1
16,56,23,40.63410568,-8.66015340,5,18,0,0,0,1
16,56,24,40.63410568,-8.66015340,5,18,0,0,0,1
16,56,24,40.63410568,-8.66015340,5,18,0,0,0,1
16,56,24,40.63410568,-8.66015340,5,18,0,0,0,1
16,56,25,40.63410568,-8.66015340,5,18,0,0,0,1
16,56,25,40.63410568,-8.66015340,5,18,0,0,0,1
16,56,25,40.63410568,-8.66015340,5,18,0,0,0,1
16,56,26,40.63410568,-8.66015340,5,18,0,0,0,1
16,56,26,40.63410568,-8.66015340,5,18,0,0,0,1
16,56,26,40.63410568,-8.66015340,5,18,0,0,0,1
16,56,27,40.63410568,-8.66015340,5,18,0,0,0,1
16,56,27,40.63410568,-8.66015340,5,18,0,0,0,1
16,56,27,40.63410568,-8.66015340,5,11,0,0,0,1
16,56,28,40.63410568,-8.66015340,5,11,0,0,0,1
16,56,28,40.63410568,-8.66015340,5,11,0,0,0,1
16,56,28,40.63410568,-8.66015340,5,11,0,0,0,1
16,56,29,40.63410568,-8.66015340,5,11,0,0,0,1
16,56,29,40.63410568,-8.66015340,5,11,0,0,0,1
16,56,29,40.63410568,-8.66015340,5,11,0,0,0,1
16,56,30,40.63410568,-8.66015340,5,18,0,0,0,1
16,56,30,40.63410568,-8.66015340,5,18,0,0,0,1
16,56,30,40.63410568,-8.66015340,5,20,0,0,0,1
16,56,31,40.63410568,-8.66015340,5,20,0,0,0,1
16,56,31,40.63410568,-8.66015340,5,20,0,0,0,1
16,56,31,40.63410568,-8.66015340,5,20,0,0,0,1
16,56,32,40.63410568,-8.66015340,5,20,0,0,0,1
16,56,32,40.63410568,-8.66015340,5,20,0,0,0,1
16,56,32,40.63410568,-8.66015340,5,20,0,0,0,1
16,56,33,40.63410568,-8.66015340,5,20,0,0,0,1
16,56,33,40.63410568,-8.66015340,5,20,0,0,0,1
16,56,33,40.63410568,-8.66015340,5,21,0,0,0,1
16,56,34,40.63410568,-8.66015340,5,21,0,0,0,1
16,56,34,40.63410568,-8.66015340,5,21,0,0,0,1
16,56,34,40.63410568,-8.66015340,5,21,0,0,0,1
16,56,35,40.63410568,-8.66015340,5,21,0,0,0,1
16,56,35,40.63410568,-8.66015340,5,21,0,0,0,1
16,56,35,40.63410568,-8.66015340,5,21,0,0,0,1
16,56,36,40.63410568,-8.66015340,5,21,0,0,0,1
16,56,36,40.63410568,-8.66015340,5,21,0,0,0,1
16,56,36,40.63410568,-8.66015340,5,22,0,0,0,1
16,56,37,40.63410568,-8.66015340,5,22,0,0,0,1
16,56,37,40.63410568,-8.66015340,5,22,0,0,0,1
16,56,37,40.63410568,-8.66015340,5,22,0,0,0,1
16,56,38,40.63410568,-8.66015340,5,22,0,0,0,1
16,56,38,40.63410568,-8.66015340,5,22,0,0,0,1
16,56,38,40.63410568,-8.66015340,5,22,0,0,0,1
16,56,39,40.63410568,-8.66015340,5,23,0,0,0,1
16,56,39,40.63410568,-8.66015340,5,23,0,0,0,1
16,56,39,40.63410568,-8.66015340,5,23,0,0,0,1
16,56,40,40.63410568,-8.66015340,5,23,0,0,0,1
16,56,40,40.63410568,-8.66015340,5,23,0,0,0,1
16,56,40,40.63410568,-8.66015340,5,23,0,0,0,1
16,56,41,40.63410568,-8.66015340,5,23,0,0,0,1
16,56,41,40.63410568,-8.66015340,5,23,0,0,0,1
16,56,41,40.63410568,-8.66015340,5,23,0,0,0,1
16,56,42,40.63410568,-8.66015340,5,23,0,0,0,1
16,56,42,40.63410568,-8.66015340,5,23,0,0,0,1
16,56,42,40.63410568,-8.66015340,5,23,0,0,0,1
16,56,43,40.63410568,-8.66015340,5,23,0,0,0,1
16,56,43,40.63410568,-8.66015340,5,23,0,0,0,1
16,56,43,40.63410568,-8.66015340,5,11,0,0,0,1
16,56,44,40.63410568,-8.66015340,5,11,0,0,0,1
16,56,44,40.63410568,-8.66015340,5,11,0,0,0,1
16,56,44,40.63410568,-8.66015340,5,11,0,0,0,1
16,56,45,40.63410568,-8.66015340,5,11,0,0,0,1
16,56,45,40.63410568,-8.66015340,5,11,0,0,0,1
16,56,45,40.63410568,-8.66015340,5,11,0,0,0,1
16,56,46,40.63410568,-8.66015340,5,12,0,0,0,1
16,56,46,40.63410568,-8.66015340,5,12,0,0,0,1
16,56,46,40.63410568,-8.66015340,5,12,0,0,0,1
16,56,47,40.63410568,-8.66015340,5,12,0,0,0,1
16,56,47,40.63410568,-8.66015340,5,12,0,0,0,1
16,56,47,40.63410568,-8.66015340,5,12,0,0,0,1
16,56,48,40.63410568,-8.66015340,5,12,0,0,0,1
16,56,48,40.63410568,-8.66015340,5,12,0,0,0,1
16,56,48,40.63410568,-8.66015340,5,12,0,0,0,1
16,56,48,40.63410568,-8.66015340,5,12,0,0,0,1
16,56,49,40.63410568,-8.66015340,5,12,0,0,0,1
16,56,49,40.63410568,-8.66015340,5,12,0,0,0,1
16,56,50,40.63410568,-8.66015340,5,12,0,0,0,1
16,56,50,40.63410568,-8.66015340,5,12,0,0,0,1
16,56,50,40.63410568,-8.66015340,5,12,0,0,0,1
16,56,50,40.63410568,-8.66015340,5,12,0,0,0,1
16,56,51,40.63410568,-8.66015340,5,12,0,0,0,1
16,56,51,40.63410568,-8.66015340,5,12,0,0,0,1
16,56,52,40.63410568,-8.66015340,5,12,0,0,0,1
16,56,52,40.63410568,-8.66015340,5,12,0,0,0,1
16,56,52,40.63410568,-8.66015340,5,12,0,0,0,1
16,56,52,40.63410568,-8.66015340,5,12,0,0,0,1
16,56,53,40.63410568,-8.66015340,5,12,0,0,0,1
16,56,53,40.63410568,-8.66015340,5,12,0,0,0,1
16,56,53,40.63410568,-8.66015340,5,12,0,0,0,1
16,56,54,40.63410568,-8.66015340,5,12,0,0,0,1
16,56,54,40.63410568,-8.66015340,5,12,0,0,0,1
16,56,54,40.63410568,-8.66015340,5,12,0,0,0,1
16,56,55,40.63410568,-8.66015340,5,12,0,0,0,1
16,56,55,40.63410568,-8.66015340,5,12,0,0,0,1
16,56,55,40.63410568,-8.66015340,5,12,0,0,0,1
16,56,56,40.63410568,-8.66015340,5,12,0,0,0,1
16,56,56,40.63410568,-8.66015340,5,12,0,0,0,1
16,56,56,40.63410568,-8.66015340,5,12,0,0,0,1
16,56,57,40.63410568,-8.66015340,5,12,0,0,0,1
16,56,57,40.63410568,-8.66015340,5,12,0,0,0,1
16,56,57,40.63410568,-8.66015340,5,12,0,0,0,1
16,56,58,40.63410568,-8.66015340,5,12,0,0,0,1
16,56,58,40.63410568,-8.66015340,5,12,0,0,0,1
16,56,58,40.63410568,-8.66015340,5,12,0,0,0,1
16,56,59,40.63410568,-8.66015340,5,12,0,0,0,1
16,56,59,40.63410568,-8.66015340,5,12,0,0,0,1
16,56,59,40.63410568,-8.66015340,5,12,0,0,0,1
16,57,0,40.63410568,-8.66015340,5,10,0,0,0,1
16,57,0,40.63410568,-8.66015340,5,10,0,0,0,1
16,57,0,40.63410568,-8.66015340,5,10,0,0,0,1
16,57,1,40.63410568,-8.66015340,5,10,0,0,0,1
16,57,1,40.63410568,-8.66015340,5,10,0,0,0,1
16,57,1,40.63410568,-8.66015340,5,10,0,0,0,1
16,57,2,40.63410568,-8.66015340,5,10,0,0,0,1
16,57,2,40.63410568,-8.66015340,5,10,0,0,0,1
16,57,2,40.63410568,-8.66015340,5,10,0,0,0,1
16,57,3,40.63410568,-8.66015340,5,10,0,0,0,1
16,57,3,40.63410568,-8.66015340,5,10,0,0,0,1
16,57,3,40.63410568,-8.66015340,5,10,0,0,0,1
16,57,4,40.63410568,-8.66015340,5,10,0,0,0,1
16,57,4,40.63410568,-8.66015340,5,10,0,0,0,1
16,57,4,40.63410568,-8.66015340,5,10,0,0,0,1
16,57,5,40.63410568,-8.66015340,5,10,0,0,0,1
16,57,5,40.63410568,-8.66015340,5,10,0,0,0,1
16,57,5,40.63410568,-8.66015340,5,10,0,0,0,1
16,57,6,40.63410568,-8.66015340,5,10,0,0,0,1
16,57,6,40.63410568,-8.66015340,5,10,0,0,0,1
16,57,6,40.63410568,-8.66015340,5,10,0,0,0,1
16,57,7,40.63410568,-8.66015340,5,10,0,0,0,1
16,57,7,40.63410568,-8.66015340,5,10,0,0,0,1
16,57,7,40.63410568,-8.66015340,5,10,0,0,0,1
16,57,8,40.63410568,-8.66015340,5,10,0,0,0,1
16,57,8,40.63410568,-8.66015340,5,10,0,0,0,1
16,57,8,40.63410568,-8.66015340,5,10,0,0,0,1
16,57,9,40.63410568,-8.66015340,5,10,0,0,0,1
16,57,9,40.63410568,-8.66015340,5,10,0,0,0,1
16,57,9,40.63410568,-8.66015340,5,10,0,0,0,1
16,57,10,40.63410568,-8.66015340,5,10,0,0,0,1
16,57,10,40.63410568,-8.66015340,5,10,0,0,0,1
16,57,10,40.63410568,-8.66015340,5,10,0,0,0,1
16,57,11,40.63410568,-8.66015340,5,11,0,0,0,1
16,57,11,40.63410568,-8.66015340,5,11,0,0,0,1
16,57,11,40.63410568,-8.66015340,5,11,0,0,0,1
16,57,12,40.63410568,-8.66015340,5,11,0,0,0,1
16,57,12,40.63410568,-8.66015340,5,11,0,0,0,1
16,57,12,40.63410568,-8.66015340,5,11,0,0,0,1
16,57,13,40.63410568,-8.66015340,5,11,0,0,0,1
16,57,13,40.63410568,-8.66015340,5,11,0,0,0,1
16,57,13,40.63410568,-8.66015340,5,11,0,0,0,1
16,57,14,40.63410568,-8.66015340,5,11,0,0,0,1
16,57,14,40.63410568,-8.66015340,5,11,0,0,0,1
16,57,14,40.63410568,-8.66015340,5,11,0,0,0,1
16,57,15,40.63410568,-8.66015340,5,11,0,0,0,1
16,57,15,40.63410568,-8.66015340,5,11,0,0,0,1
16,57,15,40.63410568,-8.66015340,5,14,0,0,0,1
16,57,16,40.63410568,-8.66015340,5,14,0,0,0,1
16,57,16,40.63410568,-8.66015340,5,14,0,0,0,1
16,57,16,40.63410568,-8.66015340,5,14,0,0,0,1
16,57,17,40.63410568,-8.66015340,5,14,0,0,0,1
16,57,17,40.63410568,-8.66015340,5,14,0,0,0,1
16,57,17,40.63410568,-8.66015340,5,14,0,0,0,1
16,57,18,40.63410568,-8.66015340,5,14,0,0,0,1
16,57,18,40.63410568,-8.66015340,5,15,0,0,0,1
16,57,18,40.63410568,-8.66015340,5,15,0,0,0,1
16,57,19,40.63410568,-8.66015340,5,15,0,0,0,1
16,57,19,40.63410568,-8.66015340,5,15,0,0,0,1
16,57,19,40.63410568,-8.66015340,5,15,0,0,0,1
16,57,20,40.63410568,-8.66015340,5,15,0,0,0,1
16,57,20,40.63410568,-8.66015340,5,15,0,0,0,1
16,57,20,40.63410568,-8.66015340,5,15,0,0,0,1
16,57,21,40.63410568,-8.66015340,5,16,0,0,0,1
16,57,21,40.63410568,-8.66015340,5,16,0,0,0,1
16,57,21,40.63410568,-8.66015340,5,16,0,0,0,1
16,57,22,40.63410568,-8.66015340,5,16,0,0,0,1
16,57,22,40.63410568,-8.66015340,5,16,0,0,0,1
16,57,22,40.63410568,-8.66015340,5,16,0,0,0,1
16,57,23,40.63410568,-8.66015340,5,16,0,0,0,1
16,57,23,40.63410568,-8.66015340,5,16,0,0,0,1
16,57,23,40.63410568,-8.66015340,5,16,0,0,0,1
16,57,24,40.63410568,-8.66015340,5,16,0,0,0,1
16,57,24,40.63410568,-8.66015340,5,17,0,0,0,1
16,57,24,40.63410568,-8.66015340,5,17,0,0,0,1
16,57,25,40.63410568,-8.66015340,5,17,0,0,0,1
16,57,25,40.63410568,-8.66015340,5,17,0,0,0,1
16,57,25,40.63410568,-8.66015340,5,17,0,0,0,1
16,57,26,40.63410568,-8.66015340,5,17,0,0,0,1
16,57,26,40.63410568,-8.66015340,5,11,0,0,0,1
16,57,26,40.63410568,-8.66015340,5,11,0,0,0,1
16,57,27,40.63410568,-8.66015340,5,11,0,0,0,1
16,57,27,40.63410568,-8.66015340,5,11,0,0,0,1
16,57,27,40.63410568,-8.66015340,5,11,0,0,0,1
16,57,28,40.63410568,-8.66015340,5,11,0,0,0,1
16,57,28,40.63410568,-8.66015340,5,11,0,0,0,1
16,57,28,40.63410568,-8.66015340,5,11,0,0,0,1
16,57,29,40.63410568,-8.66015340,5,12,0,0,0,1
16,57,29,40.63410568,-8.66015340,5,12,0,0,0,1
16,57,29,40.63410568,-8.66015340,5,12,0,0,0,1
16,57,30,40.63410568,-8.66015340,5,12,0,0,0,1
16,57,30,40.63410568,-8.66015340,5,12,0,0,0,1
16,57,30,40.63410568,-8.66015340,5,12,0,0,0,1
16,57,31,40.63410568,-8.66015340,5,12,0,0,0,1
16,57,31,40.63410568,-8.66015340,5,12,0,0,0,1
16,57,31,40.63410568,-8.66015340,5,12,0,0,0,1
16,57,32,40.63410568,-8.66015340,5,12,0,0,0,1
16,57,32,40.63410568,-8.66015340,5,12,0,0,0,1
16,57,32,40.63410568,-8.66015340,5,12,0,0,0,1
16,57,33,40.63410568,-8.66015340,5,12,0,0,0,1
16,57,33,40.63410568,-8.66015340,5,12,0,0,0,1
16,57,33,40.63410568,-8.66015340,5,12,0,0,0,1
16,57,34,40.63410568,-8.66015340,5,12,0,0,0,1
16,57,34,40.63410568,-8.66015340,5,12,0,0,0,1
16,57,34,40.63410568,-8.66015340,5,12,0,0,0,1
16,57,35,40.63410568,-8.66015340,5,12,0,0,0,1
16,57,35,40.63410568,-8.66015340,5,12,0,0,0,1
16,57,35,40.63410568,-8.66015340,5,12,0,0,0,1
16,57,36,40.63410568,-8.66015340,5,12,0,0,0,1
16,57,36,40.63410568,-8.66015340,5,12,0,0,0,1
16,57,36,40.63410568,-8.66015340,5,12,0,0,0,1
16,57,37,40.63410568,-8.66015340,5,12,0,0,0,1
16,57,37,40.63410568,-8.66015340,5,12,0,0,0,1
16,57,37,40.63410568,-8.66015340,5,12,0,0,0,1
16,57,38,40.63410568,-8.66015340,5,12,0,0,0,1
16,57,38,40.63410568,-8.66015340,5,13,0,0,0,1
16,57,38,40.63410568,-8.66015340,5,13,0,0,0,1
16,57,39,40.63410568,-8.66015340,5,13,0,0,0,1
16,57,39,40.63410568,-8.66015340,5,13,0,0,0,1
16,57,39,40.63410568,-8.66015340,5,13,0,0,0,1
16,57,40,40.63410568,-8.66015340,5,13,0,0,0,1
16,57,40,40.63410568,-8.66015340,5,13,0,0,0,1
16,57,40,40.63410568,-8.66015340,5,13,0,0,0,1
16,57,41,40.63410568,-8.66015340,5,13,0,0,0,1
16,57,41,40.63410568,-8.66015340,5,13,0,0,0,1
16,57,41,40.63410568,-8.66015340,5,13,0,0,0,1
16,57,42,40.63410568,-8.66015340,5,11,0,0,0,1
16,57,42,40.63410568,-8.66015340,5,11,0,0,0,1
16,57,42,40.63410568,-8.66015340,5,11,0,0,0,1
16,57,43,40.63410568,-8.66015340,5,11,0,0,0,1
16,57,43,40.63410568,-8.66015340,5,11,0,0,0,1
16,57,43,40.63410568,-8.66015340,5,11,0,0,0,1
16,57,44,40.63410568,-8.66015340,5,11,0,0,0,1
16,57,44,40.63410568,-8.66015340,5,11,0,0,0,1
16,57,44,40.63410568,-8.66015340,5,11,0,0,0,1
16,57,45,40.63410568,-8.66015340,5,11,0,0,0,1
16,57,45,40.63410568,-8.66015340,5,15,0,0,0,1
16,57,45,40.63410568,-8.66015340,5,15,0,0,0,1
16,57,46,40.63410568,-8.66015340,5,15,0,0,0,1
16,57,46,40.63410568,-8.66015340,5,15,0,0,0,1
16,57,46,40.63410568,-8.66015340,5,15,0,0,0,1
16,57,47,40.63410568,-8.66015340,5,15,0,0,0,1
16,57,47,40.63410568,-8.66015340,5,15,0,0,0,1
16,57,47,40.63410568,-8.66015340,5,15,0,0,0,1
16,57,48,40.63410568,-8.66015340,5,15,0,0,0,1
16,57,48,40.63410568,-8.66015340,5,15,0,0,0,1
16,57,48,40.63410568,-8.66015340,5,15,0,0,0,1
16,57,49,40.63410568,-8.66015340,5,15,0,0,0,1
16,57,49,40.63410568,-8.66015340,5,16,0,0,0,1
16,57,49,40.63410568,-8.66015340,5,16,0,0,0,1
16,57,50,40.63410568,-8.66015340,5,16,0,0,0,1
16,57,50,40.63410568,-8.66015340,5,16,0,0,0,1
16,57,50,40.63410568,-8.66015340,5,16,0,0,0,1
16,57,51,40.63410568,-8.66015340,5,16,0,0,0,1
16,57,51,40.63410568,-8.66015340,5,16,0,0,0,1
16,57,51,40.63410568,-8.66015340,5,16,0,0,0,1
16,57,52,40.63410568,-8.66015340,5,16,0,0,0,1
16,57,52,40.63410568,-8.66015340,5,16,0,0,0,1
16,57,52,40.63410568,-8.66015340,5,16,0,0,0,1
16,57,53,40.63410568,-8.66015340,5,16,0,0,0,1
16,57,53,40.63410568,-8.66015340,5,16,0,0,0,1
16,57,53,40.63410568,-8.66015340,5,16,0,0,0,1
16,57,54,40.63410568,-8.66015340,5,16,0,0,0,1
16,57,54,40.63410568,-8.66015340,5,16,0,0,0,1
16,57,54,40.63410568,-8.66015340,5,16,0,0,0,1
16,57,55,40.63410568,-8.66015340,5,16,0,0,0,1
16,57,55,40.63410568,-8.66015340,5,11,0,0,0,1
16,57,55,40.63410568,-8.66015340,5,11,0,0,0,1
16,57,56,40.63410568,-8.66015340,5,11,0,0,0,1
16,57,56,40.63410568,-8.66015340,5,12,0,0,0,1
16,57,56,40.63410568,-8.66015340,5,12,0,0,0,1
16,57,57,40.63410568,-8.66015340,5,12,0,0,0,1
16,57,57,40.63410568,-8.66015340,5,12,0,0,0,1
16,57,57,40.63410568,-8.66015340,5,12,0,0,0,1
16,57,58,40.63410568,-8.66015340,5,12,0,0,0,1
16,57,58,40.63410568,-8.66015340,5,12,0,0,0,1
16,57,58,40.63410568,-8.66015340,5,12,0,0,0,1
16,57,59,40.63410568,-8.66015340,5,12,0,0,0,1
16,57,59,40.63410568,-8.66015340,5,12,0,0,0,1
16,57,59,40.63410568,-8.66015340,5,12,0,0,0,1
16,58,0,40.63410568,-8.66015340,5,12,0,0,0,1
16,58,0,40.63410568,-8.66015340,5,12,0,0,0,1
16,58,0,40.63410568,-8.66015340,5,12,0,0,0,1
16,58,1,40.63410568,-8.66015340,5,12,0,0,0,1
16,58,1,40.63410568,-8.66015340,5,12,0,0,0,1
16,58,1,40.63410568,-8.66015340,5,12,0,0,0,1
16,58,2,40.63410568,-8.66015340,5,12,0,0,0,1
16,58,2,40.63410568,-8.66015340,5,12,0,0,0,1
16,58,2,40.63410568,-8.66015340,5,12,0,0,0,1
16,58,3,40.63410568,-8.66015340,5,12,0,0,0,1
16,58,3,40.63410568,-8.66015340,5,12,0,0,0,1
16,58,3,40.63410568,-8.66015340,5,12,0,0,0,1
16,58,4,40.63410568,-8.66015340,5,13,0,0,0,1
16,58,4,40.63410568,-8.66015340,5,13,0,0,0,1
16,58,4,40.63410568,-8.66015340,5,13,0,0,0,1
16,58,5,40.63410568,-8.66015340,5,13,0,0,0,1
16,58,5,40.63410568,-8.66015340,5,13,0,0,0,1
16,58,5,40.63410568,-8.66015340,5,13,0,0,0,1
16,58,6,40.63410568,-8.66015340,5,13,0,0,0,1
16,58,6,40.63410568,-8.66015340,5,13,0,0,0,1
16,58,6,40.63410568,-8.66015340,5,13,0,0,0,1
16,58,7,40.63410568,-8.66015340,5,13,0,0,0,1
16,58,7,40.63410568,-8.66015340,5,13,0,0,0,1
16,58,7,40.63410568,-8.66015340,5,13,0,0,0,1
16,58,8,40.63410568,-8.66015340,5,13,0,0,0,1
16,58,8,40.63410568,-8.66015340,5,13,0,0,0,1
16,58,8,40.63410568,-8.66015340,5,13,0,0,0,1
16,58,9,40.63410568,-8.66015340,5,13,0,0,0,1
16,58,9,40.63410568,-8.66015340,5,14,0,0,0,1
16,58,9,40.63410568,-8.66015340,5,14,0,0,0,1
16,58,10,40.63410568,-8.66015340,5,14,0,0,0,1
16,58,10,40.63410568,-8.66015340,5,14,0,0,0,1
16,58,10,40.63410568,-8.66015340,5,14,0,0,0,1
16,58,11,40.63410568,-8.66015340,5,14,0,0,0,1
16,58,11,40.63410568,-8.66015340,5,14,0,0,0,1
16,58,11,40.63410568,-8.66015340,5,14,0,0,0,1
16,58,12,40.63410568,-8.66015340,5,14,0,0,0,1
16,58,12,40.63410568,-8.66015340,5,14,0,0,0,1
16,58,12,40.63410568,-8.66015340,5,14,0,0,0,1
16,58,13,40.63410568,-8.66015340,5,14,0,0,0,1
16,58,13,40.63410568,-8.66015340,5,14,0,0,0,1
16,58,13,40.63410568,-8.66015340,5,14,0,0,0,1
16,58,14,40.63410568,-8.66015340,5,14,0,0,0,1
16,58,14,40.63410568,-8.66015340,5,13,0,0,0,1
16,58,14,40.63410568,-8.66015340,5,13,0,0,0,1
16,58,15,40.63410568,-8.66015340,5,13,0,0,0,1
16,58,15,40.63410568,-8.66015340,5,13,0,0,0,1
16,58,15,40.63410568,-8.66015340,5,14,0,0,0,1
16,58,16,40.63410568,-8.66015340,5,14,0,0,0,1
16,58,16,40.63410568,-8.66015340,5,14,0,0,0,1
16,58,16,40.63410568,-8.66015340,5,14,0,0,0,1
16,58,17,40.63410568,-8.66015340,5,14,0,0,0,1
16,58,17,40.63410568,-8.66015340,5,14,0,0,0,1
16,58,17,40.63410568,-8.66015340,5,14,0,0,0,1
16,58,18,40.63410568,-8.66015340,5,14,0,0,0,1
16,58,18,40.63410568,-8.66015340,5,14,0,0,0,1
16,58,18,40.63410568,-8.66015340,5,14,0,0,0,1
16,58,19,40.63410568,-8.66015340,5,14,0,0,0,1
16,58,19,40.63410568,-8.66015340,5,14,0,0,0,1
16,58,19,40.63410568,-8.66015340,5,14,0,0,0,1
16,58,20,40.63410568,-8.66015340,5,15,0,0,0,1
16,58,20,40.63410568,-8.66015340,5,15,0,0,0,1
16,58,20,40.63410568,-8.66015340,5,15,0,0,0,1
16,58,21,40.63410568,-8.66015340,5,15,0,0,0,1
16,58,21,40.63410568,-8.66015340,5,15,0,0,0,1
16,58,21,40.63410568,-8.66015340,5,15,0,0,0,1
16,58,22,40.63410568,-8.66015340,5,15,0,0,0,1
16,58,22,40.63410568,-8.66015340,5,15,0,0,0,1
16,58,22,40.63410568,-8.66015340,5,15,0,0,0,1
16,58,23,40.63410568,-8.66015340,5,15,0,0,0,1
16,58,23,40.63410568,-8.66015340,5,15,0,0,0,1
16,58,23,40.63410568,-8.66015340,5,15,0,0,0,1
16,58,24,40.63410568,-8.66015340,5,15,0,0,0,1
16,58,24,40.63410568,-8.66015340,5,13,0,0,0,1
16,58,24,40.63410568,-8.66015340,5,13,0,0,0,1
16,58,25,40.63410568,-8.66015340,5,13,0,0,0,1
16,58,25,40.63410568,-8.66015340,5,13,0,0,0,1
16,58,25,40.63410568,-8.66015340,5,13,0,0,0,1
16,58,26,40.63410568,-8.66015340,5,13,0,0,0,1
16,58,26,40.63410568,-8.66015340,5,13,0,0,0,1
16,58,26,40.63410568,-8.66015340,5,13,0,0,0,1
16,58,27,40.63410568,-8.66015340,5,13,0,0,0,1
